0.85122005 0.00000000 0.00000000
0.00000000 0.85122005 0.00000000
0.00000000 0.00000000 0.85122005
0.00000000 0.00000000 0.00000000
0.00000000 0.00000000 0.00000000
0.00000000 0.00000000 0.00000000
0.00000000 0.00000000 0.00000000
0.00000000 0.00000000 0.00000000
0.00000000 0.00000000 0.00000000
0.20234353 0.00000000 0.00000000
0.00000000 0.20234353 0.00000000
0.00000000 0.00000000 0.20234353
0.00000000 0.00000000 0.00000000
0.00000000 0.00000000 0.00000000
0.00000000 0.00000000 0.00000000
0.00000000 0.00000000 0.00000000
0.00000000 0.00000000 0.00000000
0.00000000 0.00000000 0.00000000
