-0.73156156 0.27722766 0.58977445
0.41497876 -0.60855378 -0.26308500
0.65253900 0.49778124 -1.07291060
-0.05602158 -0.10728168 0.19688108
0.00353145 -0.15163827 -0.03897766
-0.00603521 -0.08330993 -0.28806741
0.00893792 0.03644393 0.20207821
-0.04979055 -0.14024920 -0.01084373
-0.06375875 0.03038817 -0.01925011
-0.25183082 -0.45134794 -0.56115374
-0.00396032 -0.19288528 0.11769869
0.00338661 0.00770245 -0.29824954
-0.12399586 0.27560259 0.12919312
0.02895151 -0.69356317 -0.07161757
-0.09195920 -0.22846824 -0.37217394
0.07547137 0.53020946 0.05763454
-0.15282236 -0.42608692 0.07945747
-0.14140015 -0.27426648 -0.03577864
