-79.24507807 13.14515557 -16.96820118
13.14515557 -55.71971343 -37.95344937
-16.96820118 -37.95344937 -36.13043831
0.00000000 0.00000000 0.00000000
0.00000000 0.00000000 0.00000000
0.00000000 0.00000000 0.00000000
0.00000000 0.00000000 0.00000000
0.00000000 0.00000000 0.00000000
0.00000000 0.00000000 0.00000000
-1.21939061 19.44146432 -3.43450076
19.44146432 -383.46644400 -0.17423256
-3.43450076 -0.17423256 -384.42193173
0.00000000 0.00000000 0.00000000
0.00000000 0.00000000 0.00000000
0.00000000 0.00000000 0.00000000
0.00000000 0.00000000 0.00000000
0.00000000 0.00000000 0.00000000
0.00000000 0.00000000 0.00000000
