3
74
0.35000000
1.00000000

0.00010000

1.00000000 1.00000000 1.00000000 1.00000000 1.00000000 1.00000000 1.00000000 1.00000000 1.00000000 1.00000000 1.00000000 1.00000000 1.00000000 1.00000000 1.00000000 1.00000000 1.00000000 1.00000000 1.00000000 1.00000000 1.00000000 1.00000000 1.00000000 1.00000000 1.00000000 1.00000000 1.00000000 1.00000000 1.00000000 1.00000000 1.00000000 1.00000000 1.00000000 1.00000000 1.00000000 1.00000000 1.00000000 1.00000000 1.00000000 1.00000000 1.00000000 1.00000000 1.00000000 1.00000000 1.00000000 1.00000000 1.00000000 1.00000000 1.00000000 1.00000000 1.00000000 1.00000000 1.00000000 1.00000000 1.00000000 1.00000000 1.00000000 1.00000000 1.00000000 1.00000000 1.00000000 1.00000000 1.00000000 1.00000000 1.00000000 1.00000000 1.00000000 1.00000000 1.00000000 1.00000000 1.00000000 1.00000000 1.00000000 1.00000000 

0.03472284 0.02182035 0.01246783 0.00770579 0.00399565 0.00190703 0.04792143 0.04297853 0.03253117 0.02596552 0.02337616 0.01224426 0.00429811 0.00190703 0.04640817 0.03779842 0.03024224 0.02617507 0.01882352 0.00566077 0.00190703 0.04718887 0.04139888 0.03584986 0.03099876 0.02124225 0.01007406 0.00610174 0.00190703 0.05491419 0.04700193 0.03827970 0.02877733 0.02445776 0.01942366 0.01107057 0.00812766 0.00190703 0.05595929 0.04843709 0.04008695 0.03258680 0.02049869 0.01641076 0.00939988 0.00485626 0.00190703 0.05377759 0.04401144 0.03890890 0.03641790 0.02908858 0.02181905 0.01589251 0.00320733 0.00291897 0.00190703 0.04981333 0.04257735 0.03563602 0.02054110 0.01440739 0.00655767 0.00310646 0.00190703 0.05554874 0.04950375 0.04289184 0.03446537 0.02402045 0.00872525 0.00190703 0.05398113 0.04253972 
0.00106275 0.00018448 -0.00013683 -0.00005861 -0.00017442 0.00001649 0.00266528 0.00244919 0.00194243 0.00111599 0.00121652 0.00073301 -0.00016713 0.00001649 -0.00130155 -0.00096464 -0.00080432 -0.00060404 -0.00028012 -0.00001856 0.00001649 -0.00122468 -0.00116566 -0.00101848 -0.00082087 -0.00036378 -0.00035674 0.00007060 0.00001649 -0.00176296 -0.00170861 -0.00169605 -0.00144003 -0.00127681 -0.00097202 -0.00067672 -0.00044500 0.00001649 0.00197895 0.00158703 0.00154032 0.00097415 0.00052620 0.00052757 0.00014442 0.00017864 0.00001649 -0.00144166 -0.00100348 -0.00084388 -0.00074693 -0.00041723 -0.00033229 0.00005596 -0.00021883 -0.00011935 0.00001649 0.00201908 0.00163745 0.00083616 0.00027489 0.00019016 -0.00008718 -0.00010013 0.00001649 -0.00131600 -0.00116083 -0.00084292 -0.00059736 0.00003131 -0.00008679 0.00001649 0.00044379 0.00060621 
0.00037643 0.00035139 0.00025948 0.00032109 0.00035950 0.00031546 0.00054976 0.00059493 0.00051842 0.00044850 0.00046258 0.00038681 0.00032153 0.00031546 0.00062614 0.00054436 0.00034592 0.00035943 0.00043521 0.00033439 0.00031546 0.00077014 0.00072416 0.00065876 0.00065257 0.00075722 0.00030331 0.00033671 0.00031546 0.00036878 0.00045255 0.00048007 0.00039185 0.00033136 0.00043161 0.00031390 0.00034432 0.00031546 0.00059665 0.00044805 0.00051210 0.00047127 0.00035901 0.00043741 0.00034748 0.00040814 0.00031546 0.00175681 0.00139498 0.00122284 0.00123022 0.00117906 0.00098200 0.00086084 0.00045152 0.00040343 0.00031546 0.00041633 0.00039996 0.00061955 0.00061590 0.00047363 0.00064421 0.00045842 0.00031546 0.00135867 0.00094377 0.00096767 0.00080517 0.00078646 0.00056243 0.00031546 0.00040660 0.00044734 
