-0.01329874 -0.00603037 -0.05780093
-0.00441304 -0.06065185 0.01177938
-0.00443294 -0.04791292 -0.12193182
-0.16840144 -0.03833843 0.17778309
0.04003459 -0.11184026 -0.07462405
-0.02649132 0.04747558 -0.03568532
-0.08370434 -0.03458269 -0.34874089
-0.00479329 -0.09588600 0.03512467
0.07133298 -0.06273950 -0.29713293
-0.15512532 -1.25736253 -0.09553354
-0.08759796 -1.15045588 -0.15252855
0.12477943 0.85554321 -0.02632445
-0.02241227 -0.10971930 -0.07595314
0.02358716 -0.09783355 -0.06398133
0.00729687 0.05596451 -0.20871951
