-37.74841274 -0.69347826 0.15252953
-0.69347826 -1.79529251 -7.91077715
0.15252953 -7.91077715 -36.02181999
0.00000000 0.00000000 0.00000000
0.00000000 0.00000000 0.00000000
0.00000000 0.00000000 0.00000000
-42.10177665 -152.76115957 57.18201910
-152.76115957 -638.30704530 -13.79820936
57.18201910 -13.79820936 -670.00382831
0.00000000 0.00000000 0.00000000
0.00000000 0.00000000 0.00000000
0.00000000 0.00000000 0.00000000
0.00000000 0.00000000 0.00000000
0.00000000 0.00000000 0.00000000
0.00000000 0.00000000 0.00000000
