3
110
0.35000000
1.00000000

0.00010000

1.00000000 1.00000000 1.00000000 1.00000000 1.00000000 1.00000000 1.00000000 1.00000000 1.00000000 1.00000000 1.00000000 1.00000000 1.00000000 1.00000000 1.00000000 1.00000000 1.00000000 1.00000000 1.00000000 1.00000000 1.00000000 1.00000000 1.00000000 1.00000000 1.00000000 1.00000000 1.00000000 1.00000000 1.00000000 1.00000000 1.00000000 1.00000000 1.00000000 1.00000000 1.00000000 1.00000000 1.00000000 1.00000000 1.00000000 1.00000000 1.00000000 1.00000000 1.00000000 1.00000000 1.00000000 1.00000000 1.00000000 1.00000000 1.00000000 1.00000000 1.00000000 1.00000000 1.00000000 1.00000000 1.00000000 1.00000000 1.00000000 1.00000000 1.00000000 1.00000000 1.00000000 1.00000000 1.00000000 1.00000000 1.00000000 1.00000000 1.00000000 1.00000000 1.00000000 1.00000000 1.00000000 1.00000000 1.00000000 1.00000000 1.00000000 1.00000000 1.00000000 1.00000000 1.00000000 1.00000000 1.00000000 1.00000000 1.00000000 1.00000000 1.00000000 1.00000000 1.00000000 1.00000000 1.00000000 1.00000000 1.00000000 1.00000000 1.00000000 1.00000000 1.00000000 1.00000000 1.00000000 1.00000000 1.00000000 1.00000000 1.00000000 1.00000000 1.00000000 1.00000000 1.00000000 1.00000000 1.00000000 1.00000000 1.00000000 1.00000000 

0.06535286 0.06536139 0.06508193 0.06198521 0.06172416 0.06142124 0.06103899 0.05761141 0.08350334 0.07754986 0.07454029 0.07183333 0.06966758 0.06807281 0.06850838 0.06840106 0.06808451 0.06499628 0.07390658 0.07083665 0.06764161 0.06546956 0.06383622 0.06288039 0.06276191 0.06274072 0.06248482 0.06225193 0.06141068 0.05598089 0.07943232 0.07319641 0.07067802 0.06853342 0.06749859 0.06625508 0.06510398 0.06494492 0.06466812 0.06456035 0.06370674 0.05899917 0.05079008 0.06609300 0.06574116 0.06467718 0.06292958 0.06250390 0.06211476 0.06180567 0.06139353 0.05950798 0.05309522 0.07399915 0.07334561 0.06957364 0.06742469 0.06615444 0.06337981 0.06258155 0.06327278 0.06280048 0.06264610 0.06048176 0.05203597 0.04165986 0.03041089 0.01459729 0.00733411 0.00418279 0.00043892 0.00019205 0.03688347 0.01887629 0.00906334 0.00542563 0.00180978 0.00034630 0.04855910 0.04251769 0.03650266 0.02993075 0.02117482 0.01155727 0.00536766 0.00076489 0.00051080 0.00019205 0.04283645 0.03616225 0.02989250 0.02105620 0.01215169 0.00630785 0.00259680 0.00019538 0.00019205 0.04215870 0.03331041 0.02137672 0.00822298 0.00180141 0.00035832 0.00032648 0.04538479 0.03371511 0.02094467 0.01099549 0.00343811 0.00119615 
-0.00300679 -0.00335928 -0.00754528 -0.01019532 -0.01014547 -0.01007798 -0.00979053 -0.00933514 -0.00091131 -0.00081992 -0.00071453 -0.00074369 -0.00109517 -0.00121023 -0.00144388 -0.00144204 -0.00143909 -0.00140031 0.00008111 -0.00233125 -0.00380188 -0.00447146 -0.00438350 -0.00357603 -0.00342666 -0.00341792 -0.00337695 -0.00336269 -0.00325882 -0.00318894 -0.00341782 -0.00359992 -0.00329624 -0.00368381 -0.00549313 -0.00538181 -0.00511609 -0.00499597 -0.00497230 -0.00495711 -0.00488257 -0.00461989 -0.00431981 -0.00878243 -0.00743832 -0.00733111 -0.00720198 -0.00714886 -0.00709642 -0.00704659 -0.00687478 -0.00670728 -0.00644194 0.00306740 0.00299508 0.00058060 -0.00243483 -0.00496585 -0.00566994 -0.00612580 -0.00615285 -0.00584652 -0.00561860 -0.00532031 -0.00502275 -0.00896356 -0.00859376 -0.00247773 -0.00022539 -0.00032714 -0.00040467 -0.00042873 -0.00139571 -0.00121501 -0.00105716 -0.00090452 -0.00074183 -0.00053437 -0.00302215 -0.00291633 -0.00299544 -0.00307176 -0.00158681 -0.00085034 -0.00083360 -0.00063852 -0.00055989 -0.00042873 -0.00398940 -0.00385360 -0.00363335 -0.00317259 -0.00292963 -0.00256209 -0.00176507 -0.00048490 -0.00042873 -0.00580303 -0.00458003 -0.00229832 -0.00155734 -0.00111149 -0.00061602 -0.00052361 -0.00470799 -0.00362839 -0.00092722 -0.00083861 -0.00089595 -0.00072773 
0.00325103 0.00323282 0.00288809 0.00089971 0.00068545 0.00048079 0.00047750 0.00228578 0.01347068 0.00770045 0.00512412 0.00346877 0.00192388 -0.00136754 -0.00325363 -0.00330277 -0.00329288 -0.00096496 0.01770180 0.01120329 0.00695870 0.00471521 0.00346287 0.00165627 -0.00130924 -0.00172254 -0.00186037 -0.00188293 -0.00141747 0.00165513 0.01509553 0.01643517 0.01208446 0.00915396 0.00678405 0.00355436 -0.00003793 -0.00147307 -0.00163498 -0.00173920 -0.00132270 0.00121371 0.00475399 0.01009337 0.00737276 0.00423923 0.00084571 -0.00143886 -0.00167013 -0.00180892 -0.00175423 -0.00064808 0.00260023 0.01328021 0.00916887 0.00693148 0.00560178 0.00482635 0.00302763 0.00043221 -0.00086183 -0.00112808 -0.00129570 -0.00009350 0.00397250 0.00780720 0.00987580 0.00693206 0.00350915 0.00208589 -0.00022719 -0.00051408 0.00835880 0.00750856 0.00408366 0.00253296 0.00048477 -0.00043905 0.00451728 0.00618733 0.00749848 0.00850123 0.00793353 0.00475884 0.00204058 -0.00041952 -0.00044343 -0.00051408 0.00715898 0.00839807 0.00933511 0.00847229 0.00518731 0.00274307 0.00101488 -0.00061053 -0.00051408 0.00625949 0.00800790 0.00824291 0.00372557 0.00052477 -0.00057721 -0.00056302 0.00617335 0.00863679 0.00825881 0.00474304 0.00119213 -0.00001565 
