0.00003573 0.00000931 0.00001483
0.00000931 0.00001213 0.00000380
0.00001483 0.00000380 0.00002800
0.00032461 0.00018080 0.00026182
0.00018080 0.00032725 0.00009551
0.00026182 0.00009551 0.00045184
0.00026847 -0.00001616 0.00003097
-0.00001616 0.00009543 -0.00000332
0.00003097 -0.00000332 0.00010196
0.00001344 -0.00000001 -0.00000280
-0.00000001 0.00001306 0.00000008
-0.00000280 0.00000008 0.00003714
0.00020165 0.00003384 0.00010476
0.00003384 0.00013427 0.00004147
0.00010476 0.00004147 0.00024644
