-0.311033 -0.627990
0.051556 -0.276438
-0.118462 -0.531231
0.043045 -0.530121
-0.191981 -0.899865
0.087873 -1.331123
-0.793197 0.729634
-0.007510 -0.343277
-0.024324 -0.160757
0.255418 -0.120926
-0.060550 -0.363131
0.229609 -0.353533
-0.482858 -0.083886
1.317552 -0.801227
-0.017957 -0.172208
0.244823 -0.106744
-0.134471 -0.083397
0.950855 -1.457997
-0.401554 -0.428975
0.337939 -0.258104
-0.406600 -0.108321
1.204610 -0.753165
-0.019145 -0.174479
0.250427 -0.106945
-0.376057 0.089540
1.254126 -1.221417
-0.025038 -0.309127
0.569161 -0.848640
-0.890282 -0.236470
0.561710 -0.319268
-0.023244 -0.166339
0.257699 -0.119371
-1.221701 -0.094316
2.016035 -0.763820
-0.008916 -0.395447
0.311514 -0.454751
-0.018569 -0.180000
0.251908 -0.100269
-0.005749 -0.369807
0.412304 -0.607633
-0.373923 0.075450
1.244401 -1.185467
-1.126252 -0.191403
0.923175 -0.409726
-0.052768 -0.375465
0.241378 -0.375228
-0.623900 -0.106169
1.476667 -0.763712
-0.024192 -0.159832
0.253741 -0.119877
-0.009363 -0.401382
0.312138 -0.461392
-0.024147 -0.162768
0.257764 -0.122825
-1.188264 -0.090372
1.984632 -0.763120
-0.023048 -0.165666
0.257537 -0.121913
-1.254640 -0.091223
2.008062 -0.762637
-0.008047 -0.390892
0.316916 -0.454036
-0.005723 -0.384243
0.346123 -0.507716
-0.324931 0.096992
1.233271 -1.387796
-0.016707 -0.185709
0.256188 -0.111073
-1.286877 -0.132562
1.179327 -0.518692
-0.018569 -0.180000
0.251908 -0.100269
-0.005749 -0.369807
0.412304 -0.607633
-0.373923 0.075450
1.244401 -1.185467
-1.126252 -0.191403
0.923175 -0.409726
-0.023729 -0.163648
0.257262 -0.121980
-0.035299 -0.375789
0.266723 -0.385325
-0.559583 -0.097402
1.402814 -0.773190
