2.271493 0.024187
0.024187 0.795557
0.283105 0.142364
0.142364 0.311106
0.355989 -0.172691
-0.172691 0.361433
1.841078 0.148782
0.148782 0.669486
0.050223 -0.005275
-0.005275 0.142334
0.902611 0.095434
0.095434 0.337068
0.053933 0.008981
0.008981 0.150913
0.040927 -0.006811
-0.006811 0.114522
0.171013 0.024382
0.024382 0.067200
0.200274 0.007317
0.007317 0.070652
0.077993 0.013271
0.013271 0.218029
0.042494 -0.006617
-0.006617 0.119227
0.038469 0.005812
0.005812 0.108051
0.265534 0.036228
0.036228 0.103366
0.149109 0.026322
0.026322 0.062102
0.045787 -0.006238
-0.006238 0.129027
0.088933 0.020047
0.020047 0.244278
0.582970 0.061611
0.061611 0.217691
0.044112 -0.006424
-0.006424 0.124057
0.362198 0.046667
0.046667 0.139434
0.038379 0.006981
0.006981 0.106941
0.081091 0.022220
0.022220 0.041930
0.850987 0.087469
0.087469 0.316685
0.059906 0.009579
0.009579 0.167908
0.051132 -0.005766
-0.005766 0.144726
0.665532 0.073111
0.073111 0.249787
0.049297 -0.005904
-0.005904 0.139362
0.086618 0.020138
0.020138 0.237277
0.043335 -0.007100
-0.007100 0.121341
0.090568 0.021376
0.021376 0.247754
0.574158 0.059817
0.059817 0.214017
0.413863 0.051159
0.051159 0.158157
0.026663 0.004106
0.004106 0.074840
0.045787 -0.006238
-0.006238 0.129027
0.054782 0.023828
0.023828 0.045900
0.044112 -0.006424
-0.006424 0.124057
0.362198 0.046667
0.046667 0.139434
0.038379 0.006981
0.006981 0.106941
0.081091 0.022220
0.022220 0.041930
0.045787 -0.006238
-0.006238 0.129027
0.879643 0.088775
0.088775 0.326643
0.057785 0.009035
0.009035 0.162105
