-0.01330527 0.00724585 -0.05557133
-0.00195345 -0.03644748 -0.02119614
0.00683398 0.08697769 -0.07848960
-0.01335822 -0.29113189 -0.10548613
0.00728055 -0.52796786 -0.07883354
0.01456280 0.21842533 -0.16416388
-0.06319745 0.03587873 0.02529272
0.04131433 -0.10657560 0.07172389
-0.05512721 -0.05035361 0.01031976
-0.12207357 -0.05022312 0.13125568
-0.05067897 -0.23116429 0.12990394
-0.01387566 0.17736392 -0.10528973
-3.40787579 -0.78052704 4.60312045
0.05249765 -0.09375114 -0.03685501
1.98254264 0.18241056 -2.80336167
-0.06900045 0.27619631 -0.17312116
-0.00365736 -0.05767259 0.01786123
0.12118050 0.08971815 -0.36179302
-0.03816150 -0.17255628 -0.05264917
-0.06370585 -0.75256329 -0.07925025
-0.07434517 -0.29743058 -0.10583997
0.01902993 -0.69884868 -0.67031766
0.15644773 -0.82747207 -1.04797532
0.23593070 -1.61729042 -2.20028598
0.01156181 -0.13783921 -0.15613285
0.07712324 0.03267143 -0.09503247
0.09923088 0.44460857 -0.16577058
-0.01332585 -0.02729724 -0.01521719
-0.00746561 -0.09818139 0.00301360
0.00937894 0.07648687 -0.15958246
-0.08860955 0.07777690 -0.25092395
-0.02359668 -0.03606475 0.11162538
0.09612853 -0.13491361 -0.40428358
-0.06187232 0.09742836 0.06794712
0.02753552 -0.08317917 -0.03924577
-0.03589128 0.03154750 -0.02295921
-0.09233308 -0.08255721 0.03798444
0.06966741 -0.09309921 -0.14754389
-0.03442502 0.20190737 -0.07723953
-0.16888497 -0.49281991 0.11873211
0.10804396 -0.04228677 -0.13244062
-0.00231509 0.22112530 -0.00159434
