3
102
0.35000000
1.00000000

0.00010000

1.00000000 1.00000000 1.00000000 1.00000000 1.00000000 1.00000000 1.00000000 1.00000000 1.00000000 1.00000000 1.00000000 1.00000000 1.00000000 1.00000000 1.00000000 1.00000000 1.00000000 1.00000000 1.00000000 1.00000000 1.00000000 1.00000000 1.00000000 1.00000000 1.00000000 1.00000000 1.00000000 1.00000000 1.00000000 1.00000000 1.00000000 1.00000000 1.00000000 1.00000000 1.00000000 1.00000000 1.00000000 1.00000000 1.00000000 1.00000000 1.00000000 1.00000000 1.00000000 1.00000000 1.00000000 1.00000000 1.00000000 1.00000000 1.00000000 1.00000000 1.00000000 1.00000000 1.00000000 1.00000000 1.00000000 1.00000000 1.00000000 1.00000000 1.00000000 1.00000000 1.00000000 1.00000000 1.00000000 1.00000000 1.00000000 1.00000000 1.00000000 1.00000000 1.00000000 1.00000000 1.00000000 1.00000000 1.00000000 1.00000000 1.00000000 1.00000000 1.00000000 1.00000000 1.00000000 1.00000000 1.00000000 1.00000000 1.00000000 1.00000000 1.00000000 1.00000000 1.00000000 1.00000000 1.00000000 1.00000000 1.00000000 1.00000000 1.00000000 1.00000000 1.00000000 1.00000000 1.00000000 1.00000000 1.00000000 1.00000000 1.00000000 1.00000000 

0.07060024 0.07032341 0.06583898 0.06488461 0.06449368 0.06512275 0.06494357 0.06489796 0.06475168 0.06451778 0.04895315 0.07389209 0.06716874 0.06494671 0.06440674 0.06535972 0.06482819 0.06181590 0.06140989 0.06048564 0.05003589 0.07761368 0.07256740 0.06763027 0.06503273 0.06289025 0.06293155 0.06256355 0.06224058 0.05987027 0.04995059 0.08839504 0.08093531 0.07200173 0.06881502 0.06748725 0.06646385 0.06510567 0.06462567 0.06430575 0.05898783 0.07217989 0.06730181 0.06552523 0.06519260 0.06222984 0.06223531 0.06179432 0.06111876 0.05475356 0.08424469 0.08881630 0.08437451 0.07729701 0.07203143 0.07247647 0.07238563 0.07533600 0.07166744 0.06972303 0.06885348 0.06740966 0.06673175 0.06653834 0.06642506 0.06615174 0.06297352 0.04580743 0.02886205 0.01552645 0.00888634 0.00256897 0.00097304 0.00025474 0.03500934 0.01458595 0.00622182 0.00086063 0.04723572 0.03891435 0.02991941 0.01736685 0.00640000 0.00045297 0.00042912 0.04145301 0.03250713 0.02104486 0.01034401 0.00319005 0.00023225 0.04364836 0.03147739 0.01278300 0.00179007 0.00034248 0.04669571 0.02995473 0.01771141 0.00957038 0.00220414 0.00019810 
-0.00696030 -0.00681359 -0.00655185 -0.00641283 -0.00617633 -0.00610063 -0.00593360 -0.00583233 -0.00566222 -0.00540511 -0.00439573 -0.01273980 -0.01613020 -0.01483220 -0.00500684 -0.00321171 -0.00926472 -0.01017427 -0.01008390 -0.00967863 -0.00918365 0.00135131 -0.00129539 -0.00380780 -0.00448683 -0.00382481 -0.00343998 -0.00340287 -0.00336860 -0.00320630 -0.00309008 -0.00140522 -0.00324464 -0.00352741 -0.00333370 -0.00549905 -0.00527893 -0.00500950 -0.00497697 -0.00491977 -0.00462581 -0.02255167 -0.01364734 -0.00786146 -0.00737341 -0.00716414 -0.00713080 -0.00705251 -0.00681632 -0.00651926 -0.00325045 -0.00229536 -0.00229523 -0.00213649 -0.00220539 -0.00223515 -0.00265706 -0.00282169 -0.00498882 -0.00580153 -0.00653156 -0.00747270 -0.00776136 -0.00771409 -0.00763350 -0.00755591 -0.00725840 -0.00438802 -0.00425199 -0.00394124 -0.00347238 -0.00199013 -0.00083814 -0.00047269 -0.00878678 -0.00248365 -0.00024129 -0.00039627 -0.00298163 -0.00297717 -0.00307768 -0.00074948 -0.00086347 -0.00063585 -0.00048184 -0.00397151 -0.00378325 -0.00317851 -0.00285467 -0.00191601 -0.00047633 -0.00593570 -0.00419246 -0.00179320 -0.00111741 -0.00055739 -0.00725098 -0.00750715 -0.00681763 -0.00496603 -0.00142404 -0.00044090 
0.01353459 0.01299135 0.00760537 0.00318103 0.00119676 -0.00097324 -0.00149997 -0.00156815 -0.00157774 -0.00147520 0.00680671 0.02160440 0.01164474 0.00784024 0.00331198 0.00319575 0.00262439 0.00070301 0.00043286 0.00065610 0.00546355 0.02619899 0.01346533 0.00691078 0.00419435 0.00210195 -0.00155984 -0.00186336 -0.00193085 -0.00050704 0.00400538 0.02479129 0.01522532 0.01589892 0.00994834 0.00673613 0.00226242 -0.00144470 -0.00170497 -0.00172312 0.00116579 0.02189802 0.01281084 0.00901218 0.00487484 0.00006590 -0.00164300 -0.00185685 -0.00163423 0.00187715 0.02627245 0.01906757 0.01628810 0.01531681 0.02491214 0.02355121 0.01080824 0.00642854 0.00653973 0.00617136 0.00481216 0.00141444 0.00008921 -0.00011967 -0.00015189 -0.00001712 0.00168958 0.00765619 0.00952996 0.00668540 0.00423920 0.00104190 0.00001511 -0.00052601 0.00903432 0.00688414 0.00297045 -0.00000782 0.00490229 0.00691923 0.00845331 0.00684005 0.00247631 -0.00062634 -0.00048124 0.00739883 0.00910135 0.00842437 0.00447670 0.00129050 -0.00058924 0.00578912 0.00831127 0.00570520 0.00047685 -0.00064619 0.00708202 0.01015132 0.00790207 0.00477619 0.00092389 -0.00048543 
