0.02257742 0.00000000
0.00000000 0.02257742
0.03816115 0.00000000
0.00000000 0.03816115
0.05602309 0.00000000
0.00000000 0.05602309
0.11556549 0.00000000
0.00000000 0.11556549
0.02914631 0.00000000
0.00000000 0.02914631
0.09998007 0.00000000
0.00000000 0.09998007
0.12946832 0.00000000
0.00000000 0.12946832
0.03947869 0.00000000
0.00000000 0.03947869
0.03737853 0.00000000
0.00000000 0.03737853
0.02914631 0.00000000
0.00000000 0.02914631
0.09998007 0.00000000
0.00000000 0.09998007
0.12946832 0.00000000
0.00000000 0.12946832
0.03947869 0.00000000
0.00000000 0.03947869
0.03737853 0.00000000
0.00000000 0.03737853
0.02914631 0.00000000
0.00000000 0.02914631
0.09998007 0.00000000
0.00000000 0.09998007
0.12946832 0.00000000
0.00000000 0.12946832
0.03947869 0.00000000
0.00000000 0.03947869
0.03737853 0.00000000
0.00000000 0.03737853
0.02914631 0.00000000
0.00000000 0.02914631
0.09998007 0.00000000
0.00000000 0.09998007
0.12946832 0.00000000
0.00000000 0.12946832
0.03947869 0.00000000
0.00000000 0.03947869
0.03737853 0.00000000
0.00000000 0.03737853
0.01157285 0.00000000
0.00000000 0.01157285
0.74845085 0.00000000
0.00000000 0.74845085
0.06002722 0.00000000
0.00000000 0.06002722
0.16447066 0.00000000
0.00000000 0.16447066
0.05433558 0.00000000
0.00000000 0.05433558
0.15582561 0.00000000
0.00000000 0.15582561
0.00935000 0.00000000
0.00000000 0.00935000
0.08347821 0.00000000
0.00000000 0.08347821
0.02643922 0.00000000
0.00000000 0.02643922
0.00388952 0.00000000
0.00000000 0.00388952
0.02742302 0.00000000
0.00000000 0.02742302
0.04810551 0.00000000
0.00000000 0.04810551
0.08943578 0.00000000
0.00000000 0.08943578
0.20701573 0.00000000
0.00000000 0.20701573
0.02956826 0.00000000
0.00000000 0.02956826
0.13361842 0.00000000
0.00000000 0.13361842
0.05684831 0.00000000
0.00000000 0.05684831
0.01475729 0.00000000
0.00000000 0.01475729
