-0.01209354 0.03914559
-0.04735347 -0.04639384
-0.03773384 0.04087315
-0.07678541 -0.07879114
-0.15726097 0.03699577
-0.29594257 -0.27726272
0.01761893 0.10866248
-0.15793684 -0.15055226
-0.00720807 0.07006908
-0.06118245 -0.06376966
0.04280643 0.13652953
-0.09999197 -0.13141168
-0.20837259 0.01817910
-0.10684151 -0.22401177
-0.04971469 0.02878468
-0.04219942 -0.04727234
0.00135695 0.07137275
-0.03167832 -0.04377630
-0.00720807 0.07006908
-0.06118245 -0.06376966
0.04280643 0.13652953
-0.09999197 -0.13141168
-0.20837259 0.01817910
-0.10684151 -0.22401177
-0.04971469 0.02878468
-0.04219942 -0.04727234
0.00135695 0.07137275
-0.03167832 -0.04377630
-0.00720807 0.07006908
-0.06118245 -0.06376966
0.04280643 0.13652953
-0.09999197 -0.13141168
-0.20837259 0.01817910
-0.10684151 -0.22401177
-0.04971469 0.02878468
-0.04219942 -0.04727234
0.00135695 0.07137275
-0.03167832 -0.04377630
-0.00720807 0.07006908
-0.06118245 -0.06376966
0.04280643 0.13652953
-0.09999197 -0.13141168
-0.20837259 0.01817910
-0.10684151 -0.22401177
-0.04971469 0.02878468
-0.04219942 -0.04727234
0.00135695 0.07137275
-0.03167832 -0.04377630
0.00493708 0.05280908
-0.02085066 -0.03085569
-0.89169205 -0.03051438
0.85347494 -0.53805408
-0.05756721 0.01149553
-0.06795225 -0.06843732
-0.25814306 0.02478611
-0.04756680 -0.17198379
-0.01869645 0.02313970
-0.05953257 -0.06822398
-0.20588238 -0.03971630
0.08513144 0.01488675
-0.01113174 0.04181505
-0.05078603 -0.05086295
-0.07410619 0.06583088
-0.20046594 -0.19700312
-0.04776967 0.02495273
-0.06676924 -0.06792865
-0.00406149 0.01453862
-0.00971075 -0.01160603
-0.00642350 0.06208494
-0.05084361 -0.05393807
-0.04678782 0.02932445
-0.06998177 -0.07209895
-0.20108166 0.03666373
-0.22071030 -0.21995103
-0.27620688 -0.09976324
0.14147287 0.05050385
-0.00819654 0.05284297
-0.04908773 -0.05086269
-0.29660399 0.00127265
-0.38760929 -0.40653399
-0.04839156 0.02417941
-0.08198671 -0.08714717
-0.02721996 0.08205554
-0.14284993 -0.14201394
