-36.81256811 44.36392130
44.36392130 -53.51966931
-12.43725963 41.69465978
41.69465978 -140.24550417
-30.31008425 -49.72774744
-49.72774744 -81.79211968
-40.61611988 -130.67857338
-130.67857338 -421.76138726
-37.04159102 28.04553800
28.04553800 -21.28016628
-181.83640763 -634.84974438
-634.84974438 -2217.78524742
-978.50481029 -903.33577806
-903.33577806 -834.18107706
-10.89053794 44.98615216
44.98615216 -186.54236643
-28.31229009 -16.01084740
-16.01084740 -9.10362209
-37.04159102 28.04553800
28.04553800 -21.28016628
-181.83640763 -634.84974438
-634.84974438 -2217.78524742
-978.50481029 -903.33577806
-903.33577806 -834.18107706
-10.89053794 44.98615216
44.98615216 -186.54236643
-28.31229009 -16.01084740
-16.01084740 -9.10362209
-37.04159102 28.04553800
28.04553800 -21.28016628
-181.83640763 -634.84974438
-634.84974438 -2217.78524742
-978.50481029 -903.33577806
-903.33577806 -834.18107706
-10.89053794 44.98615216
44.98615216 -186.54236643
-28.31229009 -16.01084740
-16.01084740 -9.10362209
-37.04159102 28.04553800
28.04553800 -21.28016628
-181.83640763 -634.84974438
-634.84974438 -2217.78524742
-978.50481029 -903.33577806
-903.33577806 -834.18107706
-10.89053794 44.98615216
44.98615216 -186.54236643
-28.31229009 -16.01084740
-16.01084740 -9.10362209
-4.80438983 -9.37585089
-9.37585089 -18.35289080
-13135.19633325 -7962.92515430
-7962.92515430 -4828.37254139
-38.59133397 88.11772917
88.11772917 -201.57756836
-268.91544452 -385.66431739
-385.66431739 -553.60233758
-42.48973903 22.42059237
22.42059237 -11.90017470
-6.65449881 -44.52048931
-44.52048931 -305.15253890
-0.01792545 -0.02545753
-0.02545753 -0.08492452
-0.65919341 -0.31794511
-0.31794511 -0.25906693
-0.11960718 -0.11614354
-0.11614354 -0.17122421
-0.00506759 -0.00631279
-0.00631279 -0.03771717
-20.25449304 12.04152568
12.04152568 -7.19595215
-6.56545944 16.45391231
16.45391231 -41.58815895
-33.02393944 -43.10331833
-43.10331833 -56.50127883
-3.75136276 -26.84100314
-26.84100314 -203.47138093
-22.74499379 12.44963091
12.44963091 -6.85283070
-83.48645588 -64.64241089
-64.64241089 -50.26558047
-9.15133883 20.82737655
20.82737655 -47.75381528
-0.92915903 -3.55590585
-3.55590585 -13.84288752
