2
77
0.35000000
1.00000000

0.00010000

1.00000000 1.00000000 1.00000000 1.00000000 1.00000000 1.00000000 1.00000000 1.00000000 1.00000000 1.00000000 1.00000000 1.00000000 1.00000000 1.00000000 1.00000000 1.00000000 1.00000000 1.00000000 1.00000000 1.00000000 1.00000000 1.00000000 1.00000000 1.00000000 1.00000000 1.00000000 1.00000000 1.00000000 1.00000000 1.00000000 1.00000000 1.00000000 1.00000000 1.00000000 1.00000000 1.00000000 1.00000000 1.00000000 1.00000000 1.00000000 1.00000000 1.00000000 1.00000000 1.00000000 1.00000000 1.00000000 1.00000000 1.00000000 1.00000000 1.00000000 1.00000000 1.00000000 1.00000000 1.00000000 1.00000000 1.00000000 1.00000000 1.00000000 1.00000000 1.00000000 1.00000000 1.00000000 1.00000000 1.00000000 1.00000000 1.00000000 1.00000000 1.00000000 1.00000000 1.00000000 1.00000000 1.00000000 1.00000000 1.00000000 1.00000000 1.00000000 1.00000000 

0.07549829 0.07473257 0.07396246 0.07381585 0.07331967 0.07220438 0.07089245 0.06983024 0.06900571 0.06815471 0.06719836 0.06644108 0.06553829 0.06426892 0.00514635 0.00468598 0.00442088 0.00419152 0.00372798 0.00302317 0.00217806 0.00164996 0.00123769 0.00100625 0.00038479 -0.00000879 0.06236960 0.06033205 0.05912954 0.05859398 0.05783795 0.05660206 0.05529005 0.05434437 0.05302400 0.05108040 0.04985657 0.04930152 0.04833364 0.04697352 0.04510033 0.04388923 0.04336739 0.04255909 0.04127650 0.03995324 0.03821009 0.03678290 0.03568801 0.03494775 0.03465674 0.03423268 0.03280064 0.03108787 0.02929537 0.02706758 0.02614850 0.02549732 0.02522171 0.02470708 0.02404184 0.02371758 0.02281728 0.02159529 0.02104435 0.02068737 0.02030013 0.01946941 0.01848423 0.01791861 0.01710371 0.01594749 0.01497290 0.01388061 0.01302871 0.01245381 0.01145379 
-0.02319283 -0.02400994 -0.02433603 -0.02501653 -0.02594926 -0.02678838 -0.02782857 -0.02848819 -0.02889897 -0.02957167 -0.03063246 -0.03132538 -0.03217240 -0.03347971 -0.01661640 -0.01576804 -0.01499403 -0.01421068 -0.01298032 -0.01116440 -0.00907480 -0.00724731 -0.00594621 -0.00481704 -0.00282294 -0.00046163 -0.03489730 -0.03594748 -0.03644753 -0.03648187 -0.03626024 -0.03655279 -0.03693895 -0.03712275 -0.03743561 -0.03806481 -0.03853920 -0.03869916 -0.03876235 -0.03914131 -0.03930733 -0.03900191 -0.03877632 -0.03855416 -0.03827795 -0.03801826 -0.03797782 -0.03790529 -0.03769023 -0.03735283 -0.03707708 -0.03722799 -0.03721521 -0.03683109 -0.03641282 -0.03569757 -0.03550688 -0.03577818 -0.03575694 -0.03500825 -0.03430017 -0.03369342 -0.03299335 -0.03230134 -0.03196225 -0.03169501 -0.03134708 -0.03078041 -0.03005795 -0.02963211 -0.02908101 -0.02834859 -0.02774721 -0.02687947 -0.02615650 -0.02578893 -0.02508670 
