0.00003502 0.00001667
0.00001667 0.00003423
0.00011179 0.00000208
0.00000208 0.00003921
0.00002099 -0.00000991
-0.00000991 0.00004710
0.00002928 -0.00001246
-0.00001246 0.00002375
0.00005647 0.00002308
0.00002308 0.00004324
0.00002408 -0.00000958
-0.00000958 0.00001780
0.00002156 -0.00001080
-0.00001080 0.00004565
0.00008023 -0.00000501
-0.00000501 0.00002873
0.00000418 0.00000230
0.00000230 0.00000650
0.00005647 0.00002308
0.00002308 0.00004324
0.00002408 -0.00000958
-0.00000958 0.00001780
0.00002156 -0.00001080
-0.00001080 0.00004565
0.00008023 -0.00000501
-0.00000501 0.00002873
0.00000418 0.00000230
0.00000230 0.00000650
0.00005647 0.00002308
0.00002308 0.00004324
0.00002408 -0.00000958
-0.00000958 0.00001780
0.00002156 -0.00001080
-0.00001080 0.00004565
0.00008023 -0.00000501
-0.00000501 0.00002873
0.00000418 0.00000230
0.00000230 0.00000650
0.00005647 0.00002308
0.00002308 0.00004324
0.00002408 -0.00000958
-0.00000958 0.00001780
0.00002156 -0.00001080
-0.00001080 0.00004565
0.00008023 -0.00000501
-0.00000501 0.00002873
0.00000418 0.00000230
0.00000230 0.00000650
0.00000170 0.00000092
0.00000092 0.00000302
0.00000294 -0.00000115
-0.00000115 0.00000730
0.00009509 0.00000709
0.00000709 0.00003438
0.00003635 -0.00001939
-0.00001939 0.00004739
0.00001942 0.00000900
0.00000900 0.00001807
0.00001967 -0.00000649
-0.00000649 0.00001182
0.00002503 0.00001186
0.00001186 0.00002426
0.00011174 -0.00005815
-0.00005815 0.00013429
0.00012241 0.00000503
0.00000503 0.00004327
0.00000040 0.00000017
0.00000017 0.00000095
0.00004639 0.00002248
0.00002248 0.00004701
0.00008354 0.00000178
0.00000178 0.00002932
0.00006287 -0.00003442
-0.00003442 0.00009442
0.00000937 -0.00000352
-0.00000352 0.00000645
0.00003687 0.00001810
0.00001810 0.00003837
0.00001108 -0.00000509
-0.00000509 0.00002539
0.00008723 0.00000507
0.00000507 0.00003115
0.00007693 -0.00003238
-0.00003238 0.00006138
