0.00000000 0.00000000 0.00000000
0.00000000 0.00000000 0.00000000
0.00000000 0.00000000 0.00000000
0.05668921 0.00000000 0.00000000
0.00000000 0.05668921 0.00000000
0.00000000 0.00000000 0.05668921
0.01425241 0.00000000 0.00000000
0.00000000 0.01425241 0.00000000
0.00000000 0.00000000 0.01425241
0.00000000 0.00000000 0.00000000
0.00000000 0.00000000 0.00000000
0.00000000 0.00000000 0.00000000
0.00000000 0.00000000 0.00000000
0.00000000 0.00000000 0.00000000
0.00000000 0.00000000 0.00000000
0.00000000 0.00000000 0.00000000
0.00000000 0.00000000 0.00000000
0.00000000 0.00000000 0.00000000
0.03137534 0.00000000 0.00000000
0.00000000 0.03137534 0.00000000
0.00000000 0.00000000 0.03137534
0.00000000 0.00000000 0.00000000
0.00000000 0.00000000 0.00000000
0.00000000 0.00000000 0.00000000
0.00000000 0.00000000 0.00000000
0.00000000 0.00000000 0.00000000
0.00000000 0.00000000 0.00000000
