-0.00504714 -0.03326109 0.03065398
-0.00037722 0.01111724 -0.06954680
-0.02726017 0.05515123 -0.04534039
-0.01960140 -0.03017711 -0.01711653
-0.00574509 -0.03964671 0.02271517
-0.03136943 -0.06002827 -0.05889668
-0.01088356 -0.01411634 -0.02785763
0.00003919 -0.03008415 -0.00406799
0.00165828 0.01281713 -0.00544602
-0.00077393 0.08330151 0.00463824
-0.03196875 -0.09972543 0.03839800
-0.01751141 -0.12751656 -0.02878935
-0.04192251 0.04600490 0.08393346
0.00838384 -0.01292247 0.04410943
-0.02600442 -0.02226471 -0.02275828
-0.02990817 -0.10988928 -0.09641854
0.05241852 -0.00437273 -0.05786839
0.04026632 0.03077839 -0.02343341
-0.03739767 0.01343069 -0.09963389
0.01629837 -0.06628288 -0.04621899
0.03229719 -0.04974338 -0.10521916
-0.05588640 -0.04485244 0.04668127
0.02956512 -0.10955051 -0.06831051
-0.01742863 0.02171615 -0.05864573
-0.07149170 -0.27240806 0.10536571
0.04102332 0.00375318 -0.09266684
0.07877432 0.22335985 -0.28391479
