0.00000000 0.00000000 0.00000000
0.00000000 0.00000000 0.00000000
0.00000000 0.00000000 0.00000000
-50.19859297 2.55129705 17.85897092
2.55129705 -55.68636128 7.01990743
17.85897092 7.01990743 -7.55015753
-0.02717008 0.01012578 0.03725015
0.01012578 -0.14163528 0.00326982
0.03725015 0.00326982 -0.13049530
0.00000000 0.00000000 0.00000000
0.00000000 0.00000000 0.00000000
0.00000000 0.00000000 0.00000000
0.00000000 0.00000000 0.00000000
0.00000000 0.00000000 0.00000000
0.00000000 0.00000000 0.00000000
0.00000000 0.00000000 0.00000000
0.00000000 0.00000000 0.00000000
0.00000000 0.00000000 0.00000000
-9.94645004 57.67109437 52.88857277
57.67109437 -622.12108830 4.93901890
52.88857277 4.93901890 -622.97728650
0.00000000 0.00000000 0.00000000
0.00000000 0.00000000 0.00000000
0.00000000 0.00000000 0.00000000
0.00000000 0.00000000 0.00000000
0.00000000 0.00000000 0.00000000
0.00000000 0.00000000 0.00000000
