3
109
0.35000000
1.00000000

0.00010000

1.00000000 1.00000000 1.00000000 1.00000000 1.00000000 1.00000000 1.00000000 1.00000000 1.00000000 1.00000000 1.00000000 1.00000000 1.00000000 1.00000000 1.00000000 1.00000000 1.00000000 1.00000000 1.00000000 1.00000000 1.00000000 1.00000000 1.00000000 1.00000000 1.00000000 1.00000000 1.00000000 1.00000000 1.00000000 1.00000000 1.00000000 1.00000000 1.00000000 1.00000000 1.00000000 1.00000000 1.00000000 1.00000000 1.00000000 1.00000000 1.00000000 1.00000000 1.00000000 1.00000000 1.00000000 1.00000000 1.00000000 1.00000000 1.00000000 1.00000000 1.00000000 1.00000000 1.00000000 1.00000000 1.00000000 1.00000000 1.00000000 1.00000000 1.00000000 1.00000000 1.00000000 1.00000000 1.00000000 1.00000000 1.00000000 1.00000000 1.00000000 1.00000000 1.00000000 1.00000000 1.00000000 1.00000000 1.00000000 1.00000000 1.00000000 1.00000000 1.00000000 1.00000000 1.00000000 1.00000000 1.00000000 1.00000000 1.00000000 1.00000000 1.00000000 1.00000000 1.00000000 1.00000000 1.00000000 1.00000000 1.00000000 1.00000000 1.00000000 1.00000000 1.00000000 1.00000000 1.00000000 1.00000000 1.00000000 1.00000000 1.00000000 1.00000000 1.00000000 1.00000000 1.00000000 1.00000000 1.00000000 1.00000000 1.00000000 

0.05096943 0.05557294 0.05532704 0.05565775 0.05531432 0.05165118 0.05326627 0.05108872 0.04897934 0.04755134 0.04521978 0.04488567 0.04366922 0.04266732 0.04121301 0.04088509 0.03829270 0.03422041 0.03055953 0.05047214 0.04562941 0.04428094 0.04361160 0.04159416 0.03814158 0.03409761 0.03094760 0.03010850 0.05138568 0.04805063 0.04735304 0.04649165 0.04442672 0.03940404 0.03891342 0.03601895 0.03026552 0.04895016 0.04561534 0.04476517 0.04371351 0.04295513 0.04111566 0.03782566 0.03442928 0.03057359 0.04958365 0.04534619 0.04329454 0.04152636 0.03924000 0.03622064 0.03201993 0.02761867 0.04781853 0.04495282 0.04465412 0.04172641 0.04132008 0.03585557 0.03081358 0.02687240 0.04635149 0.04627298 0.04451980 0.04472248 0.04409611 0.04313951 0.04279284 0.04167148 0.04090002 0.03945313 0.03595234 0.03456641 0.03373261 0.03107867 0.02610190 0.02354437 0.01881364 0.01189937 0.00414605 0.02498477 0.01984179 0.01172995 0.00427620 0.00011924 0.02043595 0.00763091 0.00185749 0.02505418 0.02079716 0.01694562 0.01298510 0.00626538 0.00034879 0.02384049 0.01988989 0.01358522 0.00464860 -0.00003020 0.02339838 0.01438750 0.00601824 -0.00006883 0.01836458 0.01415487 0.00985260 0.00329750 0.00020233 
0.00116653 0.00094637 0.00026732 0.00344147 0.00372367 -0.00005651 0.00194814 -0.00891075 0.00090430 -0.00153571 -0.00072474 -0.00172583 -0.00037743 -0.00071016 -0.00063610 0.00049823 0.00003747 0.00043314 0.00113181 -0.00038905 -0.00062191 -0.00104634 -0.00083546 -0.00048539 -0.00038616 -0.00027240 -0.00023129 0.00063649 -0.00183843 -0.00074308 -0.00020217 -0.00000049 0.00057549 0.00084831 0.00092535 0.00186003 0.00222068 0.00217494 0.00032845 0.00030937 0.00036991 0.00017078 0.00081694 0.00109896 0.00111032 0.00147925 -0.00194990 -0.00104101 -0.00091942 -0.00148139 -0.00081961 -0.00007740 -0.00007458 -0.00006178 0.00016262 -0.00086482 -0.00029376 0.00006189 0.00050966 0.00117823 0.00085890 0.00181238 -0.00542488 -0.00438183 -0.00414673 -0.00256509 -0.00086108 -0.00091119 -0.00117034 -0.00258122 -0.00186628 -0.00211550 -0.00253537 -0.00283796 -0.00340382 -0.00339211 -0.00245917 0.00147724 0.00120995 0.00087094 0.00031853 0.00092981 0.00033748 -0.00009942 -0.00040650 -0.00015621 0.00113372 0.00061324 0.00013494 0.00213778 0.00174552 0.00083733 0.00068119 0.00107909 -0.00000398 0.00049323 0.00049280 0.00058115 0.00014071 -0.00014402 0.00197844 0.00058999 -0.00016017 -0.00011143 -0.00102324 -0.00084975 -0.00167857 -0.00022993 0.00008827 
0.00486002 0.00471465 0.00409285 0.00863275 0.00891603 0.00081413 0.00273537 0.00607178 -0.00132901 -0.00353591 -0.00573505 -0.00718817 -0.00558657 -0.00412187 -0.00240296 -0.00162391 -0.00046362 0.00232202 0.00376174 -0.00402719 -0.00801688 -0.00809431 -0.00729084 -0.00471863 -0.00139530 0.00120322 0.00275314 0.00301758 -0.00122706 -0.00548411 -0.00716366 -0.00618609 -0.00306637 0.00121018 0.00141014 0.00322701 0.00578328 0.00073321 -0.00481092 -0.00636369 -0.00810280 -0.00691229 -0.00466977 -0.00165339 0.00083102 0.00249226 -0.00023678 -0.00548175 -0.00662338 -0.00456359 -0.00248538 -0.00026545 0.00216452 0.00411865 -0.00299554 -0.00623244 -0.00667289 -0.00329747 -0.00275965 0.00134814 0.00389937 0.00514723 -0.00105948 -0.00263000 -0.00511287 -0.00589875 -0.00699304 -0.00829393 -0.00760214 -0.00627635 -0.00541172 -0.00396077 -0.00101554 -0.00042472 0.00005054 0.00161819 0.00375405 0.00594296 0.00637489 0.00571539 0.00254230 0.00483275 0.00576886 0.00527761 0.00259117 -0.00016079 0.00738927 0.00462081 0.00090170 0.00436016 0.00527787 0.00569231 0.00533814 0.00345499 0.00001940 0.00507434 0.00580360 0.00556772 0.00271776 -0.00017197 0.00588421 0.00626851 0.00348892 -0.00030198 0.00525350 0.00543981 0.00480681 0.00207140 -0.00008518 
