-0.01059059 0.00000000
0.00000000 -0.01826249
0.00716451 0.00000000
0.00000000 0.00716451
-24.85005949 0.00000000
0.00000000 -32.62558352
0.17808304 0.00000000
0.00000000 0.17808304
-0.01059059 0.00000000
0.00000000 -0.01826249
0.00716451 0.00000000
0.00000000 0.00716451
-24.85005949 0.00000000
0.00000000 -32.62558352
0.17808304 0.00000000
0.00000000 0.17808304
-0.01059059 0.00000000
0.00000000 -0.01826249
0.00716451 0.00000000
0.00000000 0.00716451
-24.85005949 0.00000000
0.00000000 -32.62558352
0.17808304 0.00000000
0.00000000 0.17808304
0.00916758 0.00000000
0.00000000 0.00916758
0.00451740 0.00000000
0.00000000 0.00451740
0.04032310 0.00000000
0.00000000 0.04032310
