-0.00185690 -0.01799997
0.02519084 -0.01002695
-0.00057492 -0.03698071
0.04123038 -0.06076329
-0.03739230 0.00754496
0.12444007 -0.11854666
-0.11262520 -0.01914030
0.09231747 -0.04097264
-0.00185690 -0.01799997
0.02519084 -0.01002695
-0.00057492 -0.03698071
0.04123038 -0.06076329
-0.03739230 0.00754496
0.12444007 -0.11854666
-0.11262520 -0.01914030
0.09231747 -0.04097264
-0.00185690 -0.01799997
0.02519084 -0.01002695
-0.00057492 -0.03698071
0.04123038 -0.06076329
-0.03739230 0.00754496
0.12444007 -0.11854666
-0.11262520 -0.01914030
0.09231747 -0.04097264
-0.00237289 -0.01636480
0.02572624 -0.01219803
-0.00352990 -0.03757894
0.02667227 -0.03853248
-0.05595827 -0.00974023
0.14028136 -0.07731895
