-0.07531254 0.00169843
0.00169843 -0.92903146
-0.02092025 0.05211446
0.05211446 -0.42637979
-18.84812780 3.97455848
3.97455848 -1.52559300
-0.56588655 0.25300011
0.25300011 -0.66137738
-0.07531254 0.00169843
0.00169843 -0.92903146
-0.02092025 0.05211446
0.05211446 -0.42637979
-18.84812780 3.97455848
3.97455848 -1.52559300
-0.56588655 0.25300011
0.25300011 -0.66137738
-0.07531254 0.00169843
0.00169843 -0.92903146
-0.02092025 0.05211446
0.05211446 -0.42637979
-18.84812780 3.97455848
3.97455848 -1.52559300
-0.56588655 0.25300011
0.25300011 -0.66137738
-0.97528830 -0.00262940
-0.00262940 -0.00917473
-0.00454424 0.00017203
0.00017203 -0.00561990
-2.14870527 0.38159691
0.38159691 -0.10938848
