2
107
0.35000000
1.00000000

0.00010000

1.00000000 1.00000000 1.00000000 1.00000000 1.00000000 1.00000000 1.00000000 1.00000000 1.00000000 1.00000000 1.00000000 1.00000000 1.00000000 1.00000000 1.00000000 1.00000000 1.00000000 1.00000000 1.00000000 1.00000000 1.00000000 1.00000000 1.00000000 1.00000000 1.00000000 1.00000000 1.00000000 1.00000000 1.00000000 1.00000000 1.00000000 1.00000000 1.00000000 1.00000000 1.00000000 1.00000000 1.00000000 1.00000000 1.00000000 1.00000000 1.00000000 1.00000000 1.00000000 1.00000000 1.00000000 1.00000000 1.00000000 1.00000000 1.00000000 1.00000000 1.00000000 1.00000000 1.00000000 1.00000000 1.00000000 1.00000000 1.00000000 1.00000000 1.00000000 1.00000000 1.00000000 1.00000000 1.00000000 1.00000000 1.00000000 1.00000000 1.00000000 1.00000000 1.00000000 1.00000000 1.00000000 1.00000000 1.00000000 1.00000000 1.00000000 1.00000000 1.00000000 1.00000000 1.00000000 1.00000000 1.00000000 1.00000000 1.00000000 1.00000000 1.00000000 1.00000000 1.00000000 1.00000000 1.00000000 1.00000000 1.00000000 1.00000000 1.00000000 1.00000000 1.00000000 1.00000000 1.00000000 1.00000000 1.00000000 1.00000000 1.00000000 1.00000000 1.00000000 1.00000000 1.00000000 1.00000000 1.00000000 

-3.58817587 -3.58962057 -3.59176948 -3.59181210 -3.59128629 -3.58592670 -3.58182395 -3.58282680 -3.58742495 -3.59349777 -3.59606271 -3.59503427 -3.59138151 -3.58812780 -3.58569243 -3.58206004 -3.57646069 -3.56947492 -3.56865668 -3.57916120 -3.59717863 -3.61573053 -3.63015169 -3.64202654 -3.66375965 -3.69809578 -3.73640319 -3.77684784 -3.81261231 -3.84830167 -3.88283561 -3.91791115 -3.95721542 -4.00559269 -4.06357051 -4.13081538 -4.19126724 -4.25729814 -4.32749051 -4.39893944 -4.47613408 -4.54673257 -4.60981863 -4.66915183 -4.72210862 -4.77118285 -4.81735267 -4.86110384 -4.90604273 -4.95879873 -5.01759464 -5.08206256 -5.15355740 -5.23057356 -5.30766882 -5.38353656 -5.45546297 -5.53104925 -5.61588520 -5.70714255 -5.79356025 -5.86830044 -5.92947724 -5.98074976 -6.02839869 -6.07627336 -6.12167983 -6.16441040 -6.20619031 -6.24310384 -6.28018794 -6.31527880 -6.34791159 -6.37866961 -6.40247510 -6.42101459 -6.43549057 -6.44458425 -6.45206761 -6.45498852 -6.45204954 -6.44749281 -6.44513228 -6.44654518 -6.45187675 -6.45973076 -6.46541559 -6.47018097 -6.47649750 -6.48018807 -6.48296134 -6.48474209 -6.48300934 -6.48274772 -6.48402231 -6.48972615 -6.50068420 -6.51003597 -6.51601762 -6.52118726 -6.52467058 -6.53063437 -6.53628138 -6.53833145 -6.54058860 -6.54262934 -6.54523380 
-1.32863563 -1.29828323 -1.26059476 -1.21847306 -1.16988697 -1.11368594 -1.05321340 -0.98838521 -0.92244684 -0.85843798 -0.79461726 -0.73009359 -0.66779680 -0.59914940 -0.52320413 -0.44315783 -0.35972009 -0.28176919 -0.21904339 -0.17077343 -0.13720162 -0.11190487 -0.08746671 -0.06708332 -0.05442873 -0.04975187 -0.05200649 -0.06332483 -0.07886782 -0.09890797 -0.12155877 -0.14814834 -0.17364263 -0.19874244 -0.22280724 -0.25077755 -0.27987889 -0.30303944 -0.31487478 -0.31849118 -0.32223571 -0.32819707 -0.33356747 -0.33720146 -0.33959622 -0.34178115 -0.34321804 -0.34320333 -0.34599480 -0.35124361 -0.35747675 -0.36076216 -0.36376023 -0.36695375 -0.37949324 -0.39297089 -0.40563587 -0.41480076 -0.42449977 -0.43416303 -0.44728586 -0.46155873 -0.47971865 -0.50085421 -0.52316298 -0.54638223 -0.56895344 -0.59119478 -0.61431289 -0.63706291 -0.66088045 -0.68757926 -0.71846152 -0.75261430 -0.78555555 -0.82020986 -0.85604776 -0.89598188 -0.94088457 -0.98506264 -1.02672165 -1.06910684 -1.11301747 -1.16172390 -1.21379779 -1.26434870 -1.31212623 -1.35688719 -1.39980317 -1.44050049 -1.48220169 -1.52512698 -1.56818654 -1.60994632 -1.64932073 -1.68451705 -1.71271068 -1.73459761 -1.75288926 -1.77046091 -1.78948851 -1.80706645 -1.82274086 -1.83574957 -1.84648566 -1.85406718 -1.85838442 
