0.04411232 -0.00642448
-0.00642448 0.12405653
0.36219844 0.04666693
0.04666693 0.13943406
0.03837910 0.00698116
0.00698116 0.10694060
0.08109080 0.02222024
0.02222024 0.04193049
0.04411232 -0.00642448
-0.00642448 0.12405653
0.36219844 0.04666693
0.04666693 0.13943406
0.03837910 0.00698116
0.00698116 0.10694060
0.08109080 0.02222024
0.02222024 0.04193049
0.04411232 -0.00642448
-0.00642448 0.12405653
0.36219844 0.04666693
0.04666693 0.13943406
0.03837910 0.00698116
0.00698116 0.10694060
0.08109080 0.02222024
0.02222024 0.04193049
0.04578687 -0.00623779
-0.00623779 0.12902665
0.87964259 0.08877523
0.08877523 0.32664253
0.05778527 0.00903470
0.00903470 0.16210503
