-0.06735575 -0.07360763 -0.08159402
-0.01074001 -0.11966132 -0.10707167
-0.00004780 0.03665076 -0.14506537
-0.01487916 0.03309990 0.03083497
-0.04475397 -0.00123768 -0.00413413
-0.02033044 0.01066528 -0.02787020
-0.17352068 0.07015269 -0.23211488
-0.17558877 0.03024174 -0.22370783
-0.10797058 0.07991798 -0.18521911
-0.02278156 0.08991813 -0.06749087
-0.19697569 -0.12017107 0.16638572
-0.07038896 -0.07396496 0.05663016
-0.04718875 0.22276267 0.03639013
-0.01291535 -0.66185523 0.02863609
-0.06449373 0.06083156 -0.06389172
-0.07195243 -0.09892598 0.02924778
0.08171489 -0.18120737 0.13405077
0.02356131 -0.02185747 -0.00396339
-0.01247591 0.08671771 -0.03321092
0.19641648 -0.74650571 0.05091787
0.12116554 -0.37440488 -0.00665854
-0.01848133 -0.02758674 -0.15553499
0.06597449 -0.01826289 -0.04241694
0.00915802 0.00713093 -0.19067966
-0.13264878 0.09229562 -0.10750572
-0.03177509 -0.10580343 -0.01523441
0.02151524 -0.07021471 -0.07846034
0.00176983 -0.04570867 -0.06142939
0.20033824 0.01509773 -0.15426926
0.08442821 0.09411727 -0.12339443
-0.00293395 0.09526192 -0.02445630
-0.04612239 -0.08200126 -0.00198944
-0.02088939 0.03000805 -0.01906684
-0.30352780 0.16945196 -0.45769869
-0.24506256 0.14853964 -0.53618301
-0.31668722 0.20829309 -0.55285015
