3
102
0.35000000
1.00000000

0.00010000

1.00000000 1.00000000 1.00000000 1.00000000 1.00000000 1.00000000 1.00000000 1.00000000 1.00000000 1.00000000 1.00000000 1.00000000 1.00000000 1.00000000 1.00000000 1.00000000 1.00000000 1.00000000 1.00000000 1.00000000 1.00000000 1.00000000 1.00000000 1.00000000 1.00000000 1.00000000 1.00000000 1.00000000 1.00000000 1.00000000 1.00000000 1.00000000 1.00000000 1.00000000 1.00000000 1.00000000 1.00000000 1.00000000 1.00000000 1.00000000 1.00000000 1.00000000 1.00000000 1.00000000 1.00000000 1.00000000 1.00000000 1.00000000 1.00000000 1.00000000 1.00000000 1.00000000 1.00000000 1.00000000 1.00000000 1.00000000 1.00000000 1.00000000 1.00000000 1.00000000 1.00000000 1.00000000 1.00000000 1.00000000 1.00000000 1.00000000 1.00000000 1.00000000 1.00000000 1.00000000 1.00000000 1.00000000 1.00000000 1.00000000 1.00000000 1.00000000 1.00000000 1.00000000 1.00000000 1.00000000 1.00000000 1.00000000 1.00000000 1.00000000 1.00000000 1.00000000 1.00000000 1.00000000 1.00000000 1.00000000 1.00000000 1.00000000 1.00000000 1.00000000 1.00000000 1.00000000 1.00000000 1.00000000 1.00000000 1.00000000 1.00000000 1.00000000 

-0.02166417 -0.01432679 -0.01319012 -0.00252886 0.00094166 0.00063085 0.00025037 -0.00002220 -0.00000493 0.00003388 -0.04678249 -0.04370906 -0.03169692 -0.01945907 -0.01558490 -0.01419741 -0.01397666 -0.01385129 -0.01367748 -0.01181322 -0.00381568 0.00031638 0.00038246 0.00038031 0.00022858 0.00012193 0.00008236 0.00004845 0.00004423 0.00000696 -0.02516112 -0.02339053 -0.02300603 -0.01708622 -0.01282310 -0.01140995 0.00000233 0.00082913 0.00082403 0.00029329 0.00004151 0.00005188 0.00002715 0.00000101 -0.02208299 -0.01536307 -0.01290869 -0.00746573 -0.00205030 -0.00083900 0.00115646 0.00090536 0.00050483 0.00029464 0.00012276 0.00003581 0.00000783 -0.03037872 -0.02058200 -0.01867956 -0.01129745 0.00127239 0.00069595 0.00058009 0.00017914 0.00002178 0.00000823 0.00000264 -0.02383174 -0.02293836 -0.02162978 -0.01985523 -0.01369195 -0.01292188 -0.01284788 -0.01305355 -0.01227099 -0.01133443 -0.01038168 -0.00616041 0.00077310 0.00081369 0.00072002 0.00008853 0.00003280 0.00000466 0.00000344 0.00000157 -0.02670761 -0.01957458 -0.01522300 -0.01455843 -0.01345241 -0.01168639 -0.00153413 0.00048499 0.00045903 0.00042754 0.00022567 0.00009493 0.00002435 0.00000557 
0.00025610 -0.00128425 -0.00010604 0.00035476 0.00018143 0.00013851 0.00012131 0.00005270 0.00003004 0.00000245 0.00253697 0.00298853 0.00326131 0.00871483 0.00708627 0.00556407 0.00486094 0.00444033 0.00351361 -0.00024820 -0.00010411 0.00009629 0.00019180 0.00022476 0.00019031 0.00015807 0.00013623 0.00011124 0.00006789 0.00000627 0.01159004 0.00164246 -0.00005398 0.00054114 0.00140957 0.00059314 0.00040690 0.00015176 0.00014690 0.00007720 0.00003349 0.00002985 0.00001959 0.00000283 -0.00474527 0.00075898 0.00024396 -0.00074255 -0.00052089 -0.00036846 -0.00041644 -0.00015412 -0.00007305 -0.00005995 -0.00005330 -0.00004407 0.00000546 0.00138104 0.00101697 0.00052276 -0.00007258 -0.00001022 0.00000554 0.00003574 0.00001796 -0.00000159 -0.00000398 0.00000658 0.00413117 -0.00368855 -0.00410485 -0.00361281 -0.00289778 -0.00245207 -0.00240044 0.00333701 0.00499076 0.00344277 -0.00036539 -0.00039902 0.00032699 0.00040573 0.00036514 0.00016558 0.00014556 0.00003088 -0.00001086 -0.00002849 0.00239721 0.00417758 0.00532234 0.00443346 -0.00076897 -0.00026702 -0.00003426 0.00001738 0.00001974 0.00002664 0.00000646 0.00000426 0.00000206 0.00000157 
0.00501127 0.00541991 -0.00045940 0.00034940 -0.00023430 -0.00017670 -0.00006993 -0.00002209 -0.00000154 -0.00000072 0.00102700 0.00349164 -0.00957142 -0.00528454 -0.00301129 -0.00322064 -0.00271487 -0.00237640 -0.00192071 0.00012757 0.00029674 0.00002923 0.00012093 0.00012220 0.00004283 0.00004897 0.00003032 0.00002652 0.00001436 -0.00000402 0.00922992 0.00641235 0.00561108 0.00341998 -0.00021263 0.00112569 0.00021321 -0.00006512 -0.00011321 -0.00013541 -0.00008442 -0.00004099 -0.00002841 -0.00000360 -0.01105351 -0.00157413 0.00014597 0.00221390 0.00270862 0.00283491 0.00019287 0.00003173 0.00003213 -0.00000066 0.00002768 -0.00000044 0.00000041 0.01090816 0.00774623 0.00474866 -0.00078821 -0.00051072 -0.00022793 -0.00014631 -0.00001361 0.00000052 -0.00000067 -0.00000022 0.01558496 0.00871232 0.00424079 0.00256153 0.00456771 0.00296879 0.00294810 0.00268687 -0.00085362 -0.00153684 -0.00013045 0.00056226 -0.00009477 -0.00008541 -0.00008492 -0.00000797 0.00004718 0.00002805 0.00001608 0.00000507 -0.01058111 -0.00405574 -0.00000434 0.00053653 0.00161888 0.00224654 0.00038833 -0.00012584 -0.00009839 -0.00007275 -0.00004901 -0.00000485 0.00000200 0.00000143 
