0.05798748 0.00000000 0.00000000
0.00000000 0.05798748 0.00000000
0.00000000 0.00000000 0.05798748
0.03492479 0.00000000 0.00000000
0.00000000 0.03492479 0.00000000
0.00000000 0.00000000 0.03492479
0.12030162 0.00000000 0.00000000
0.00000000 0.12030162 0.00000000
0.00000000 0.00000000 0.12030162
0.05975984 0.00000000 0.00000000
0.00000000 0.05975984 0.00000000
0.00000000 0.00000000 0.05975984
0.19904016 0.00000000 0.00000000
0.00000000 0.19904016 0.00000000
0.00000000 0.00000000 0.19904016
0.04048468 0.00000000 0.00000000
0.00000000 0.04048468 0.00000000
0.00000000 0.00000000 0.04048468
0.06192622 0.00000000 0.00000000
0.00000000 0.06192622 0.00000000
0.00000000 0.00000000 0.06192622
0.10148002 0.00000000 0.00000000
0.00000000 0.10148002 0.00000000
0.00000000 0.00000000 0.10148002
0.05043597 0.00000000 0.00000000
0.00000000 0.05043597 0.00000000
0.00000000 0.00000000 0.05043597
