-0.00715823 -0.03959470 -0.08312803
0.00257768 -0.04774846 -0.01472252
0.00988220 -0.00638626 -0.04164376
0.12134497 -0.29144912 -0.44986259
0.06913060 -0.18693574 -0.14051577
0.17392271 -0.31786730 -0.42293805
0.01161271 0.05471779 -0.20245016
0.01002046 -0.05386319 -0.02750218
0.03943690 0.05241277 -0.11409145
-0.01011556 -0.09357142 -0.09195430
0.00692771 -0.07443855 -0.07081751
0.01837748 -0.00854232 -0.03429305
-0.28132724 0.31706690 0.00754906
-0.05884036 -0.43564678 0.10079011
0.04764554 0.33268445 -0.33305451
-0.02586095 0.25147633 -0.10766187
0.00021125 -0.08890658 0.00099207
0.02743856 0.03706365 -0.07123960
-0.00923672 -0.02458518 -0.13571199
-0.00206373 -0.00748509 0.02045198
0.02101718 -0.03108120 -0.03431367
-0.07037456 -0.15229699 -0.14508153
0.03369218 -0.09041572 -0.07174141
0.04626109 -0.12186732 -0.21218162
-0.01021147 -0.05647903 -0.09046375
0.00317913 -0.00930297 0.04831100
0.00836645 -0.07576310 -0.01390434
