-111.70622280 28.93157376 -138.06577942
28.93157376 -285.24104090 -22.41168209
-138.06577942 -22.41168209 -182.98550573
-31.24248359 -12.77187908 65.66174889
-12.77187908 -173.48629932 -5.84889959
65.66174889 -5.84889959 -144.55408164
-17.49822641 80.50487116 -60.56273644
80.50487116 -590.41060649 -8.34848121
-60.56273644 -8.34848121 -595.22763006
-297.21038864 -21.36876360 -3.93514466
-21.36876360 -11.39519851 52.92661064
-3.93514466 52.92661064 -289.05252642
-285.97083993 10.91111634 450.06541053
10.91111634 -995.03295268 6.92401088
450.06541053 6.92401088 -709.59687607
-4.45100680 -40.87076040 9.77423221
-40.87076040 -400.67491904 -0.99771344
9.77423221 -0.99771344 -404.60823531
-80.33854508 -122.44746445 -168.13562187
-122.44746445 -591.44122565 38.20166432
-168.13562187 38.20166432 -566.80655680
-801.29103532 171.36429008 1842.24994868
171.36429008 -5067.12814010 73.88656322
1842.24994868 73.88656322 -4279.68429663
-104.55740241 -4.28743255 -204.36179589
-4.28743255 -504.31372590 2.19155171
-204.36179589 2.19155171 -399.89871530
