3
132
0.35000000
1.00000000

0.00010000

1.00000000 1.00000000 1.00000000 1.00000000 1.00000000 1.00000000 1.00000000 1.00000000 1.00000000 1.00000000 1.00000000 1.00000000 1.00000000 1.00000000 1.00000000 1.00000000 1.00000000 1.00000000 1.00000000 1.00000000 1.00000000 1.00000000 1.00000000 1.00000000 1.00000000 1.00000000 1.00000000 1.00000000 1.00000000 1.00000000 1.00000000 1.00000000 1.00000000 1.00000000 1.00000000 1.00000000 1.00000000 1.00000000 1.00000000 1.00000000 1.00000000 1.00000000 1.00000000 1.00000000 1.00000000 1.00000000 1.00000000 1.00000000 1.00000000 1.00000000 1.00000000 1.00000000 1.00000000 1.00000000 1.00000000 1.00000000 1.00000000 1.00000000 1.00000000 1.00000000 1.00000000 1.00000000 1.00000000 1.00000000 1.00000000 1.00000000 1.00000000 1.00000000 1.00000000 1.00000000 1.00000000 1.00000000 1.00000000 1.00000000 1.00000000 1.00000000 1.00000000 1.00000000 1.00000000 1.00000000 1.00000000 1.00000000 1.00000000 1.00000000 1.00000000 1.00000000 1.00000000 1.00000000 1.00000000 1.00000000 1.00000000 1.00000000 1.00000000 1.00000000 1.00000000 1.00000000 1.00000000 1.00000000 1.00000000 1.00000000 1.00000000 1.00000000 1.00000000 1.00000000 1.00000000 1.00000000 1.00000000 1.00000000 1.00000000 1.00000000 1.00000000 1.00000000 1.00000000 1.00000000 1.00000000 1.00000000 1.00000000 1.00000000 1.00000000 1.00000000 1.00000000 1.00000000 1.00000000 1.00000000 1.00000000 1.00000000 1.00000000 1.00000000 1.00000000 1.00000000 1.00000000 1.00000000 

0.01805469 0.03363069 0.03335857 0.03230736 0.02922366 0.02555942 0.02273206 0.02046356 0.01840073 0.03218414 0.02996446 0.02866950 0.02756214 0.02520881 0.02337279 0.02189142 0.02065222 0.01979690 0.03436155 0.03260447 0.03049244 0.02831586 0.02581002 0.02299695 0.02015081 0.01818762 0.03308327 0.03115800 0.03034052 0.02995437 0.02854298 0.02684970 0.02456653 0.01998067 0.03037985 0.02493626 0.02495783 0.02451840 0.02229767 0.01894815 0.04428715 0.04337108 0.04280482 0.04152348 0.03977418 0.03826700 0.03616634 0.04443259 0.04233615 0.03976943 0.03625056 0.04426664 0.04355580 0.04309437 0.04231883 0.04111841 0.03988089 0.03836785 0.03706521 0.03566369 0.04184402 0.04037200 0.03878187 0.03717306 0.03588903 0.03499028 0.04286012 0.04158679 0.04052223 0.03921565 0.03710394 0.04355175 0.04159154 0.04000332 0.03905374 0.03784140 0.03528514 0.01636228 0.01348198 0.01044766 0.00756312 0.00495257 0.00122669 0.01573931 0.01301335 0.00951065 0.00540016 0.00122669 0.01483144 0.01346180 0.01159796 0.00960448 0.00780046 0.00615915 0.00401328 0.00201813 0.01706348 0.01472120 0.01297877 0.01140855 0.00903646 0.00549759 0.00122669 0.01431811 0.01141364 0.01049725 0.00894448 0.00742610 0.00552418 0.00337250 0.00122669 0.01652551 0.01353486 0.01017112 0.00713885 0.00412880 0.00122669 0.04928892 0.04837249 0.04787293 0.04762175 0.04696238 0.04568195 0.04879432 0.04811923 0.04758915 0.04641756 0.04334651 0.04283676 0.04271365 0.04755154 0.04724629 
0.00054151 0.00172747 0.00181493 0.00200324 0.00196493 0.00103667 0.00051342 0.00051823 0.00063395 0.00253179 0.00221784 0.00197072 0.00191395 0.00167560 0.00139965 0.00161810 0.00182956 0.00200401 0.00041344 0.00037105 0.00032625 0.00026571 0.00021487 0.00014110 0.00004926 0.00003777 0.00051649 0.00030992 0.00038326 0.00060811 0.00076026 0.00066318 0.00059570 0.00034890 0.00038064 0.00028548 0.00013203 0.00034061 0.00066920 0.00046505 -0.00026970 -0.00027776 -0.00026900 -0.00020098 -0.00023691 -0.00024054 -0.00004822 0.00165863 0.00188657 0.00180402 0.00175368 0.00272295 0.00260125 0.00272981 0.00285931 0.00269576 0.00266495 0.00263696 0.00257405 0.00277831 0.00032645 0.00026230 0.00019719 0.00017397 0.00030393 0.00041697 0.00036782 0.00028129 0.00043208 0.00063402 0.00082948 -0.00005753 -0.00007542 -0.00004622 0.00013385 0.00030065 0.00039526 0.00031349 0.00013637 0.00026139 0.00016327 0.00006480 0.00016234 0.00062043 0.00070848 0.00099343 0.00044102 0.00016234 0.00172401 0.00133381 0.00089020 0.00062570 0.00045812 0.00032489 0.00011686 0.00015325 0.00004938 0.00017752 0.00031783 0.00035883 0.00038033 0.00031635 0.00016234 -0.00032335 -0.00104962 -0.00120361 -0.00114155 -0.00119897 -0.00068394 -0.00011669 0.00016234 0.00013438 0.00022864 0.00032789 0.00026622 0.00020603 0.00016234 0.00013115 0.00014762 0.00016184 0.00015853 0.00015394 0.00002497 -0.00082924 -0.00041060 0.00000389 0.00084222 0.00024447 0.00022266 0.00029792 -0.00043933 -0.00012953 
0.01008355 0.01111114 0.01105525 0.01110460 0.01143838 0.01168380 0.01156654 0.01129020 0.01096249 0.00920307 0.00983125 0.01004142 0.01016789 0.01038004 0.01043231 0.01029895 0.01012656 0.00995923 0.00777479 0.00832198 0.00895687 0.00951273 0.00982344 0.00982407 0.00958681 0.00925354 0.00983041 0.01036623 0.01051142 0.01056926 0.01071789 0.01085884 0.01101949 0.01083489 0.01010947 0.01056419 0.01044051 0.01011879 0.00984885 0.00947721 0.00567959 0.00634332 0.00671161 0.00741823 0.00830694 0.00892047 0.00963627 0.00569814 0.00719077 0.00875532 0.01047678 0.00144543 0.00219799 0.00260320 0.00332611 0.00442347 0.00551306 0.00646828 0.00711479 0.00772074 0.00320055 0.00446647 0.00558531 0.00653086 0.00717291 0.00753989 0.00435034 0.00529055 0.00604336 0.00697082 0.00814035 0.00421340 0.00582915 0.00682092 0.00730387 0.00781716 0.00881360 0.00956254 0.00854782 0.00714003 0.00552795 0.00414544 0.00193837 0.01032790 0.00853054 0.00556921 0.00389846 0.00193837 0.00886943 0.00843043 0.00772933 0.00678473 0.00580939 0.00494774 0.00382412 0.00246038 0.00898198 0.00834539 0.00776876 0.00713886 0.00596273 0.00404662 0.00193837 0.00966236 0.00854300 0.00811551 0.00728769 0.00634946 0.00497815 0.00348729 0.00193837 0.00894322 0.00804530 0.00663038 0.00508112 0.00347061 0.00193837 0.00091819 0.00195459 0.00243091 0.00271849 0.00341709 0.00459871 0.00143637 0.00219705 0.00285539 0.00400935 0.00165410 0.00223039 0.00234886 0.00003442 0.00057529 
