0.00001953 -0.00000201 -0.00000463
-0.00000201 0.00000584 0.00000050
-0.00000463 0.00000050 0.00000931
0.00000786 -0.00000004 0.00000249
-0.00000004 0.00000310 -0.00000019
0.00000249 -0.00000019 0.00000417
0.00004990 -0.00000077 -0.00000116
-0.00000077 0.00001635 0.00000003
-0.00000116 0.00000003 0.00001753
0.00000741 0.00000023 0.00000103
0.00000023 0.00000138 0.00000034
0.00000103 0.00000034 0.00000283
0.00000333 -0.00000002 0.00000119
-0.00000002 0.00000141 -0.00000004
0.00000119 -0.00000004 0.00000213
0.00002761 0.00000033 -0.00000190
0.00000033 0.00000938 0.00000009
-0.00000190 0.00000009 0.00000990
0.00000871 -0.00000019 -0.00000413
-0.00000019 0.00000320 -0.00000105
-0.00000413 -0.00000105 0.00000629
0.00002707 0.00000049 0.00000807
0.00000049 0.00001074 0.00000006
0.00000807 0.00000006 0.00001463
0.00001071 -0.00000037 -0.00000225
-0.00000037 0.00000329 0.00000015
-0.00000225 0.00000015 0.00000478
