0.01684460 0.00000000 0.00000000
0.00000000 0.01684460 0.00000000
0.00000000 0.00000000 0.01684460
0.00000000 0.00000000 0.00000000
0.00000000 0.00000000 0.00000000
0.00000000 0.00000000 0.00000000
0.04127668 0.00000000 0.00000000
0.00000000 0.04127668 0.00000000
0.00000000 0.00000000 0.04127668
0.08439322 0.00000000 0.00000000
0.00000000 0.08439322 0.00000000
0.00000000 0.00000000 0.08439322
0.00000000 0.00000000 0.00000000
0.00000000 0.00000000 0.00000000
0.00000000 0.00000000 0.00000000
0.00000000 0.00000000 0.00000000
0.00000000 0.00000000 0.00000000
0.00000000 0.00000000 0.00000000
