-0.06268993 0.04644935 -0.02513323
-0.19701935 -0.16455312 -0.00962299
-0.01993806 -0.00862025 -0.03144665
-0.65710392 -0.97950610 0.62076120
0.44259113 0.07274077 -0.18597866
-0.41258262 0.01108407 -0.09541002
-0.00923880 0.02842310 -0.08080228
-0.01880517 -0.04316065 0.06803471
-0.02408286 -0.07019868 -0.15530668
0.02053156 0.10756445 0.09103647
-0.06371878 -0.06396269 -0.05663281
-0.00211929 -0.00541741 -0.06494920
-0.23596307 -0.38858785 0.45238442
0.09505225 -0.55314144 -0.03759821
-0.16768277 0.48035566 -0.21329997
-0.72693576 -1.08883377 0.21328675
0.42816095 0.30654071 0.06083248
-0.62664184 -0.66583037 -0.02532052
