-0.25003799 -0.56738185 -0.11214123
-0.56738185 -1.46003408 0.04435716
-0.11214123 0.04435716 -1.67569336
0.00000000 0.00000000 0.00000000
0.00000000 0.00000000 0.00000000
0.00000000 0.00000000 0.00000000
-3.79525019 -1.08542371 0.26409083
-1.08542371 -0.58350275 -0.86231913
0.26409083 -0.86231913 -3.91786026
-0.65976805 1.62036350 1.36036091
1.62036350 -8.10182511 0.28334260
1.36036091 0.28334260 -8.20144471
0.00000000 0.00000000 0.00000000
0.00000000 0.00000000 0.00000000
0.00000000 0.00000000 0.00000000
0.00000000 0.00000000 0.00000000
0.00000000 0.00000000 0.00000000
0.00000000 0.00000000 0.00000000
