3
108
0.35000000
1.00000000

0.00010000

1.00000000 1.00000000 1.00000000 1.00000000 1.00000000 1.00000000 1.00000000 1.00000000 1.00000000 1.00000000 1.00000000 1.00000000 1.00000000 1.00000000 1.00000000 1.00000000 1.00000000 1.00000000 1.00000000 1.00000000 1.00000000 1.00000000 1.00000000 1.00000000 1.00000000 1.00000000 1.00000000 1.00000000 1.00000000 1.00000000 1.00000000 1.00000000 1.00000000 1.00000000 1.00000000 1.00000000 1.00000000 1.00000000 1.00000000 1.00000000 1.00000000 1.00000000 1.00000000 1.00000000 1.00000000 1.00000000 1.00000000 1.00000000 1.00000000 1.00000000 1.00000000 1.00000000 1.00000000 1.00000000 1.00000000 1.00000000 1.00000000 1.00000000 1.00000000 1.00000000 1.00000000 1.00000000 1.00000000 1.00000000 1.00000000 1.00000000 1.00000000 1.00000000 1.00000000 1.00000000 1.00000000 1.00000000 1.00000000 1.00000000 1.00000000 1.00000000 1.00000000 1.00000000 1.00000000 1.00000000 1.00000000 1.00000000 1.00000000 1.00000000 1.00000000 1.00000000 1.00000000 1.00000000 1.00000000 1.00000000 1.00000000 1.00000000 1.00000000 1.00000000 1.00000000 1.00000000 1.00000000 1.00000000 1.00000000 1.00000000 1.00000000 1.00000000 1.00000000 1.00000000 1.00000000 1.00000000 1.00000000 1.00000000 

0.00171253 0.02908690 0.01340478 0.00800131 0.00242379 -0.00002357 0.03386879 0.02225537 0.00865836 0.00555821 0.00136579 0.02948761 0.01658880 0.00784955 0.00276385 0.00046350 0.01936296 0.01021906 0.00039639 0.00045092 0.02579540 0.01999577 0.00816656 0.00175719 0.02809834 0.01740302 0.00555160 0.00045092 0.01640845 0.00208089 0.00070226 0.00045092 0.02329503 0.01657502 0.01040236 0.00100743 0.03474191 0.02589146 0.01307237 0.00936377 0.00044220 0.00045092 0.08716985 0.07869733 0.07315373 0.08943321 0.08850197 0.08616301 0.08259399 0.07821526 0.09276096 0.09442233 0.08579368 0.07949175 0.08157718 0.07402297 0.09136737 0.08683376 0.07935828 0.09183307 0.08984792 0.08628094 0.07823364 0.08527590 0.08109420 0.09060796 0.08841937 0.08420769 0.07730731 0.09213303 0.08977328 0.08686366 0.08789527 0.08366075 0.07943975 0.06312346 0.04679946 0.07082099 0.06354696 0.05230080 0.03663814 0.07120118 0.05951077 0.04180792 0.08586848 0.07946786 0.07129125 0.06656430 0.05917130 0.05299731 0.09148652 0.06912017 0.05712578 0.04601941 0.06855973 0.04647048 0.07292245 0.05766379 0.04069459 0.06456309 0.05443658 0.03620341 0.06887199 0.06265531 0.04406445 0.07444062 0.07008284 0.05848573 
-0.00959431 -0.04368358 -0.03754640 -0.03054707 -0.01707472 -0.00671675 -0.04871998 -0.04467264 -0.03351379 -0.02605162 -0.01076250 -0.04762100 -0.04007082 -0.03021798 -0.02094907 -0.00519695 -0.04648956 -0.03555660 -0.02146269 -0.00387007 -0.04318326 -0.04060180 -0.02848720 -0.01234780 -0.05033886 -0.04228246 -0.02273630 -0.00387007 -0.04313569 -0.02718518 -0.01574439 -0.00387007 -0.04584965 -0.04061489 -0.03521588 -0.01466774 -0.05312638 -0.04932613 -0.04245227 -0.03608995 -0.01842182 -0.00387007 -0.02407885 -0.02550080 -0.03183735 -0.00821048 -0.00618618 -0.00944282 -0.01594876 -0.02493743 -0.01467333 -0.01151540 -0.02230846 -0.03155598 -0.03445259 -0.03691685 -0.02665144 -0.02423346 -0.03338086 -0.00712479 -0.00766475 -0.01567710 -0.02982247 -0.02035357 -0.02824563 -0.00882135 -0.00787638 -0.01755131 -0.02797676 -0.00343286 -0.01092051 -0.01531845 -0.02064686 -0.02614545 -0.03406938 -0.03709198 -0.04093063 -0.03221278 -0.03821827 -0.04454151 -0.04598052 -0.04072566 -0.04805227 -0.05113909 -0.03316287 -0.03764061 -0.03687541 -0.04250332 -0.04531328 -0.04703635 -0.04013577 -0.04359905 -0.05167307 -0.05282196 -0.04332388 -0.04817005 -0.03787634 -0.04840833 -0.05105584 -0.04623375 -0.05123841 -0.05133828 -0.03753578 -0.04498769 -0.05125228 -0.03891650 -0.04497287 -0.05184663 
0.00121277 0.00223855 0.00171899 0.00143844 -0.00074854 -0.00082656 0.00099877 0.00167913 0.00001530 0.00006325 -0.00029320 0.00139522 -0.00061795 -0.00047696 0.00050970 -0.00018566 0.00673790 0.00420116 0.00418528 0.00015081 0.00096997 0.00038814 0.00089441 0.00213596 -0.00164340 -0.00127656 0.00177796 0.00015081 -0.00556966 -0.00373286 -0.00272096 0.00015081 0.00312630 0.00275053 0.00350147 0.00180298 0.00369090 0.00297040 0.00363303 0.00512890 0.00290730 0.00015081 -0.00698141 -0.00982957 -0.00580081 -0.00116234 -0.00460358 -0.00800181 -0.00781812 -0.00669323 0.00614293 0.00616325 -0.00064782 0.00161923 -0.00895591 -0.01167482 0.00401402 -0.00091183 -0.00002136 0.00954510 0.00156314 -0.00291823 -0.00363718 0.00709669 0.00281568 0.01487551 0.00770229 0.00433092 0.00429792 0.00596747 -0.00080878 -0.00316381 -0.00317629 0.00010929 0.00131866 -0.00515847 -0.00372560 -0.00434439 -0.00075461 0.00071824 0.00261263 0.00239779 0.00340596 0.00055589 0.01642566 0.00584928 0.00205457 0.00028629 0.00147910 0.00261214 -0.00486216 -0.00778606 -0.00082819 0.00215083 0.00174539 0.00110937 -0.00341515 -0.00330116 -0.00171824 -0.00082705 -0.00212182 -0.00319619 0.00585439 0.00362605 0.00395383 0.00194034 0.00211068 0.00356275 
