0.00017901 -0.00009629 0.00000267
-0.00009629 0.00024106 -0.00000565
0.00000267 -0.00000565 0.00009679
0.00035638 0.00005306 0.00018593
0.00005306 0.00033070 0.00008958
0.00018593 0.00008958 0.00085991
0.00005016 0.00003721 0.00002142
0.00003721 0.00010568 0.00002627
0.00002142 0.00002627 0.00005963
0.00020533 0.00005443 0.00000849
0.00005443 0.00010367 0.00000272
0.00000849 0.00000272 0.00007823
0.00013018 0.00014094 -0.00000269
0.00014094 0.00030859 -0.00009224
-0.00000269 -0.00009224 0.00046962
0.00040670 -0.00003392 0.00005106
-0.00003392 0.00043568 -0.00010107
0.00005106 -0.00010107 0.00124818
