3
140
0.35000000
1.00000000

0.00010000

1.00000000 1.00000000 1.00000000 1.00000000 1.00000000 1.00000000 1.00000000 1.00000000 1.00000000 1.00000000 1.00000000 1.00000000 1.00000000 1.00000000 1.00000000 1.00000000 1.00000000 1.00000000 1.00000000 1.00000000 1.00000000 1.00000000 1.00000000 1.00000000 1.00000000 1.00000000 1.00000000 1.00000000 1.00000000 1.00000000 1.00000000 1.00000000 1.00000000 1.00000000 1.00000000 1.00000000 1.00000000 1.00000000 1.00000000 1.00000000 1.00000000 1.00000000 1.00000000 1.00000000 1.00000000 1.00000000 1.00000000 1.00000000 1.00000000 1.00000000 1.00000000 1.00000000 1.00000000 1.00000000 1.00000000 1.00000000 1.00000000 1.00000000 1.00000000 1.00000000 1.00000000 1.00000000 1.00000000 1.00000000 1.00000000 1.00000000 1.00000000 1.00000000 1.00000000 1.00000000 1.00000000 1.00000000 1.00000000 1.00000000 1.00000000 1.00000000 1.00000000 1.00000000 1.00000000 1.00000000 1.00000000 1.00000000 1.00000000 1.00000000 1.00000000 1.00000000 1.00000000 1.00000000 1.00000000 1.00000000 1.00000000 1.00000000 1.00000000 1.00000000 1.00000000 1.00000000 1.00000000 1.00000000 1.00000000 1.00000000 1.00000000 1.00000000 1.00000000 1.00000000 1.00000000 1.00000000 1.00000000 1.00000000 1.00000000 1.00000000 1.00000000 1.00000000 1.00000000 1.00000000 1.00000000 1.00000000 1.00000000 1.00000000 1.00000000 1.00000000 1.00000000 1.00000000 1.00000000 1.00000000 1.00000000 1.00000000 1.00000000 1.00000000 1.00000000 1.00000000 1.00000000 1.00000000 1.00000000 1.00000000 1.00000000 1.00000000 1.00000000 1.00000000 1.00000000 1.00000000 

0.03449787 0.06251165 0.05426959 0.04628874 0.03879673 0.06643906 0.05975570 0.05488173 0.04964375 0.04305282 0.03748872 0.03203961 0.06267508 0.05351354 0.04413369 0.03459774 0.06252149 0.05433906 0.04717525 0.03923190 0.06732827 0.05597041 0.04418400 0.03303495 0.06285297 0.05454379 0.04658877 0.03851319 0.06713961 0.06005628 0.05543847 0.05143097 0.04632580 0.04090072 0.03623587 0.03147191 0.06444637 0.05704704 0.05069154 0.04357179 0.03580699 0.06424181 0.05661593 0.04610706 0.03606091 0.08842391 0.08501250 0.08121478 0.07531619 0.06832641 0.09152819 0.08653291 0.08082975 0.07359881 0.09885840 0.09476983 0.09107358 0.08670437 0.08144592 0.07587347 0.07139834 0.09420712 0.09155314 0.08822169 0.08401841 0.07816741 0.07009462 0.09140791 0.08754484 0.08181005 0.07388867 0.09583475 0.09055151 0.08309320 0.07256191 0.08864699 0.08141997 0.07287359 0.10026837 0.09517093 0.09014302 0.08423362 0.07777602 0.07273254 0.09961626 0.09443234 0.08925128 0.08411659 0.07698663 0.07027445 0.08510267 0.08131588 0.07632884 0.06798294 0.02689493 0.01970557 0.01422208 0.00871326 0.03107940 0.02368911 0.01709195 0.01172082 0.00542194 0.02649620 0.02141622 0.01787109 0.01365583 0.00943643 0.00686945 0.00542194 0.02540713 0.01700306 0.01164417 0.00542194 0.02580653 0.01808159 0.01237846 0.00542194 0.02319911 0.01708661 0.01155568 0.00542194 0.02378020 0.01477078 0.00853778 0.02883682 0.02422059 0.02036777 0.01672495 0.01289329 0.00880167 0.00625142 0.02882860 0.02387298 0.02040286 0.01580364 0.01040418 0.00645828 0.03120334 0.02158801 
0.00237796 0.00234843 0.00227928 0.00226115 0.00227292 0.00313455 0.00285803 0.00268879 0.00249407 0.00221831 0.00200545 0.00180421 0.00360120 0.00341668 0.00303586 0.00251496 0.00183261 0.00159897 0.00146288 0.00138200 0.00097311 0.00058055 0.00072203 0.00111138 0.00135054 0.00118635 0.00086821 0.00047335 0.00466026 0.00418319 0.00388843 0.00362754 0.00328878 0.00292832 0.00266645 0.00246244 0.00224506 0.00205282 0.00186693 0.00177810 0.00160247 0.00501999 0.00448105 0.00380677 0.00310418 0.00754069 0.00703383 0.00641942 0.00578377 0.00526094 0.00273007 0.00256425 0.00244406 0.00231842 0.00471160 0.00435881 0.00413753 0.00395774 0.00372915 0.00349714 0.00333062 0.00586614 0.00551579 0.00509957 0.00464971 0.00421840 0.00385813 0.00343507 0.00296293 0.00255350 0.00223008 0.00283845 0.00244520 0.00194418 0.00131304 0.00193269 0.00167490 0.00153955 0.00713477 0.00666319 0.00626696 0.00584065 0.00538807 0.00504180 0.00327648 0.00271242 0.00232037 0.00225257 0.00225550 0.00233221 0.00684240 0.00639292 0.00588128 0.00526164 0.00173529 0.00132721 0.00108688 0.00083805 0.00206038 0.00167723 0.00131446 0.00101709 0.00071416 0.00159702 0.00141454 0.00130243 0.00113253 0.00096013 0.00080025 0.00071416 0.00198033 0.00148877 0.00108887 0.00071416 0.00114183 0.00100269 0.00090102 0.00071416 0.00133124 0.00153182 0.00115141 0.00071416 0.00006204 0.00025150 0.00055200 0.00235042 0.00211346 0.00189484 0.00168559 0.00141174 0.00108313 0.00082141 0.00135722 0.00116049 0.00118374 0.00109132 0.00094736 0.00079701 0.00274638 0.00202839 
0.01138550 0.01166956 0.01201203 0.01216077 0.01177358 0.01375805 0.01400410 0.01422976 0.01427813 0.01388195 0.01320213 0.01214669 0.01087753 0.01139784 0.01153619 0.01083047 0.01222713 0.01250376 0.01272072 0.01224296 0.01319458 0.01393206 0.01382539 0.01212477 0.01111344 0.01165154 0.01185630 0.01153789 0.01502826 0.01516239 0.01546341 0.01538500 0.01517569 0.01452803 0.01383240 0.01277780 0.01485252 0.01489349 0.01496700 0.01447664 0.01329061 0.01027686 0.01120794 0.01141339 0.01083300 0.00490759 0.00632984 0.00764743 0.00919791 0.01043980 0.00320929 0.00567869 0.00788976 0.00970364 0.00403618 0.00618980 0.00791142 0.00958622 0.01103023 0.01212404 0.01297603 0.00042254 0.00190535 0.00359847 0.00551712 0.00767311 0.00946338 0.00450477 0.00631570 0.00842204 0.01032017 0.00449419 0.00708886 0.00990123 0.01222317 0.00394601 0.00699604 0.00931157 0.00529170 0.00792563 0.01006744 0.01192295 0.01316406 0.01418202 0.00444935 0.00715896 0.00954209 0.01143666 0.01296113 0.01413346 0.00446041 0.00606418 0.00778146 0.00956746 0.00990102 0.00816681 0.00709041 0.00468892 0.01070388 0.00903967 0.00747828 0.00620884 0.00297685 0.01084580 0.00972285 0.00893931 0.00722811 0.00489531 0.00361453 0.00297685 0.00909839 0.00705967 0.00589363 0.00297685 0.00976327 0.00790066 0.00654464 0.00297685 0.00960613 0.00837318 0.00599767 0.00297685 0.00902154 0.00684798 0.00472623 0.01208142 0.01104596 0.01027530 0.00895665 0.00693068 0.00477104 0.00341853 0.01172333 0.01044541 0.00980470 0.00839831 0.00542648 0.00346110 0.01023820 0.00817051 
