-0.00824991 0.03299698 0.05649421
-0.08055032 -0.05642482 -0.01800454
-0.02695644 0.02161580 -0.01879316
0.02823890 0.03422126 -0.01595726
-0.04689938 -0.04103724 -0.02017126
0.03323149 0.02757558 -0.04264946
-0.08280912 -0.09973803 -0.00922477
-0.01009856 -0.13812375 -0.00691585
0.23510676 0.14525867 -0.19647563
-0.01905654 -0.01373152 -0.08702478
-0.05319747 -0.08514077 0.07561750
0.04618491 -0.03032800 -0.06561355
-0.06670515 0.12173343 -0.03889654
-0.01808343 -0.17677228 0.00835132
0.12161776 0.03719347 -0.08018680
-0.04632200 0.74680764 -0.04411832
0.01717629 -1.57898000 0.03185315
0.03595151 -0.57337453 -0.00939006
-0.47706815 -0.03148157 -0.04910938
0.15354925 -0.01839712 0.02200596
-0.12917269 0.00885057 -0.01819925
0.04022890 0.05185973 -0.00025669
-0.06279329 -0.05338763 -0.01444226
0.00860367 0.02643809 -0.01092240
-0.07786053 0.07813528 0.06248207
0.04709182 -0.12846247 -0.04523476
0.02907820 0.04674537 -0.03497444
