3
112
0.35000000
1.00000000

0.00010000

1.00000000 1.00000000 1.00000000 1.00000000 1.00000000 1.00000000 1.00000000 1.00000000 1.00000000 1.00000000 1.00000000 1.00000000 1.00000000 1.00000000 1.00000000 1.00000000 1.00000000 1.00000000 1.00000000 1.00000000 1.00000000 1.00000000 1.00000000 1.00000000 1.00000000 1.00000000 1.00000000 1.00000000 1.00000000 1.00000000 1.00000000 1.00000000 1.00000000 1.00000000 1.00000000 1.00000000 1.00000000 1.00000000 1.00000000 1.00000000 1.00000000 1.00000000 1.00000000 1.00000000 1.00000000 1.00000000 1.00000000 1.00000000 1.00000000 1.00000000 1.00000000 1.00000000 1.00000000 1.00000000 1.00000000 1.00000000 1.00000000 1.00000000 1.00000000 1.00000000 1.00000000 1.00000000 1.00000000 1.00000000 1.00000000 1.00000000 1.00000000 1.00000000 1.00000000 1.00000000 1.00000000 1.00000000 1.00000000 1.00000000 1.00000000 1.00000000 1.00000000 1.00000000 1.00000000 1.00000000 1.00000000 1.00000000 1.00000000 1.00000000 1.00000000 1.00000000 1.00000000 1.00000000 1.00000000 1.00000000 1.00000000 1.00000000 1.00000000 1.00000000 1.00000000 1.00000000 1.00000000 1.00000000 1.00000000 1.00000000 1.00000000 1.00000000 1.00000000 1.00000000 1.00000000 1.00000000 1.00000000 1.00000000 1.00000000 1.00000000 1.00000000 1.00000000 

0.00240148 0.00093003 -0.00004680 -0.00012577 -0.00006102 0.00006430 0.00001488 0.00107680 0.00248572 0.00074413 0.00016961 -0.00005547 -0.00006216 -0.00000926 -0.00507219 0.00250812 0.00117721 0.00062506 0.00009320 0.00005256 -0.00004697 -0.00001078 0.00272317 0.00144160 0.00014360 -0.00011795 0.00000600 0.00002847 -0.00000293 -0.00039170 0.00175749 0.00048794 -0.00014987 -0.00010229 -0.00007895 -0.00000544 -0.00167185 0.00261984 0.00018081 -0.00026922 -0.00014513 -0.00009686 -0.00001078 0.00133711 0.00125059 0.00009068 -0.00017599 0.00002181 0.00000306 0.00011121 0.00013856 0.00000052 -0.00436324 -0.00261386 0.00125592 0.00000585 -0.00006362 0.00005126 0.00010760 0.00000910 0.00004591 -0.01140584 -0.00215703 0.00001970 0.00105705 0.00040720 0.00033731 0.00035078 0.00019598 0.00015168 0.00010897 0.00003399 -0.00339097 0.00234743 -0.00087690 -0.00084815 -0.00079314 -0.00065166 -0.09200035 -0.05092479 -0.01364051 0.00460319 -0.05752244 -0.01217164 -0.15679702 -0.07163870 -0.01355037 -0.00988827 -0.10544658 -0.03188040 0.00137161 -0.13547861 -0.06429837 -0.00899643 -0.12337650 -0.07557044 -0.02266778 -0.00068860 -0.10713915 -0.06210940 -0.01581429 -0.09843978 -0.06885759 -0.03190797 -0.01293490 -0.17151395 -0.09614517 -0.04623922 -0.02161743 -0.11938277 -0.07962595 -0.03504531 
0.00008144 0.00046647 0.00078218 0.00044306 0.00007508 0.00008622 0.00005889 0.00244355 0.00112662 0.00085863 0.00057039 0.00049091 0.00024900 0.00002847 -0.00789165 0.00001543 0.00082233 0.00065406 0.00049957 0.00048378 0.00029896 0.00002287 0.00082099 0.00032851 0.00019078 0.00015296 0.00029395 0.00011065 0.00008567 0.00098052 -0.00099141 -0.00039207 0.00031532 0.00025496 0.00012669 0.00002002 0.00485227 0.00055155 0.00042556 0.00034778 0.00026959 0.00014001 0.00002287 0.00076781 0.00038369 0.00045135 0.00065366 0.00068593 0.00059652 0.00030991 0.00022096 0.00005391 -0.00188416 -0.00101070 0.00071791 0.00057989 0.00060802 0.00046546 0.00019242 0.00017111 0.00002832 -0.00886553 -0.00062136 0.00057961 0.00064491 0.00053642 0.00046907 0.00034276 0.00041291 0.00019388 0.00007165 0.00002167 -0.00277269 0.00251725 0.00204592 0.00232405 0.00216982 0.00149136 -0.06118295 -0.01935259 0.00303258 0.00674903 -0.00388072 -0.00555423 0.00255271 0.00982822 -0.00236924 -0.01025103 -0.01496698 -0.01633179 -0.00477259 0.02766430 0.00465027 -0.00151353 -0.03787803 -0.01919584 -0.01259830 0.00322653 -0.02650927 -0.00140164 -0.00175021 -0.05087653 -0.00498163 -0.00242376 -0.00625455 -0.02245556 -0.01599311 -0.01902168 -0.01276695 -0.04162834 -0.00621910 -0.00624823 
-0.00951441 -0.00319941 0.00000728 0.00014041 -0.00015051 0.00013595 0.00012673 -0.05090041 -0.01307830 -0.00342478 -0.00024710 0.00045660 0.00024994 0.00002702 -0.04427786 -0.01433370 -0.00371865 -0.00064850 0.00074320 0.00085158 0.00034346 0.00001703 -0.02416314 -0.00578440 -0.00092998 -0.00035619 -0.00000838 0.00005717 0.00009660 -0.05030863 -0.01136460 -0.00358384 -0.00078314 0.00001749 0.00017185 0.00002326 -0.02971040 -0.00806874 -0.00138678 0.00000744 0.00024255 0.00017253 0.00001703 -0.03073640 -0.00790838 -0.00223336 -0.00072211 0.00002202 0.00041138 0.00033090 0.00035498 0.00010889 -0.06186244 -0.02568935 -0.00581650 -0.00105525 -0.00041726 -0.00012765 0.00041917 0.00034358 0.00016894 -0.06435286 -0.03657030 -0.00988977 -0.00250711 -0.00052475 -0.00007343 0.00017167 0.00054799 0.00041400 0.00023690 0.00010077 -0.05372097 -0.00933183 -0.00110921 0.00016097 0.00073927 0.00027664 -0.10148197 -0.13685872 -0.13753818 -0.07810115 -0.15148840 -0.10751358 -0.12872298 -0.14709159 -0.11247183 -0.06777780 -0.14902737 -0.12720491 -0.08085558 -0.14334592 -0.14608464 -0.10025546 -0.21219985 -0.20061365 -0.16174233 -0.08698613 -0.15104443 -0.14338516 -0.11180157 -0.16210051 -0.16500994 -0.15300785 -0.11809358 -0.11335877 -0.11353419 -0.10509081 -0.07737623 -0.15912270 -0.17068610 -0.14420328 
