0.00000000 0.00000000 0.00000000
0.00000000 0.00000000 0.00000000
0.00000000 0.00000000 0.00000000
0.00000000 0.00000000 0.00000000
0.00000000 0.00000000 0.00000000
0.00000000 0.00000000 0.00000000
0.08633014 0.00000000 0.00000000
0.00000000 0.08633014 0.00000000
0.00000000 0.00000000 0.08633014
0.04597877 0.00000000 0.00000000
0.00000000 0.04597877 0.00000000
0.00000000 0.00000000 0.04597877
0.00000000 0.00000000 0.00000000
0.00000000 0.00000000 0.00000000
0.00000000 0.00000000 0.00000000
0.00000000 0.00000000 0.00000000
0.00000000 0.00000000 0.00000000
0.00000000 0.00000000 0.00000000
0.00000000 0.00000000 0.00000000
0.00000000 0.00000000 0.00000000
0.00000000 0.00000000 0.00000000
0.05851801 0.00000000 0.00000000
0.00000000 0.05851801 0.00000000
0.00000000 0.00000000 0.05851801
