-0.00884720 -0.01583121 0.04686975
0.04484807 -0.02300981 -0.03289512
-0.00833423 0.01225435 -0.01001477
-0.00225550 0.00915041 0.04644442
0.01491486 -0.01480114 0.01898259
0.00002424 -0.01294373 -0.01481234
-0.09365172 0.06499853 -0.22210410
0.00385642 -0.12474168 -0.01349194
0.09905464 -0.06332695 -0.33021851
-0.01597632 0.00499599 -0.09149947
0.00201814 -0.05637938 -0.02508621
-0.00054624 0.01694944 -0.03534968
-0.00058760 0.02436525 0.05213978
0.06239718 -0.28599303 -0.07808669
-0.00292965 -0.01464935 -0.01144888
-0.03933844 -0.21032523 -0.20490835
-0.90331455 -0.72788609 -9.14471183
-0.15170372 0.40821397 -2.06508848
-0.02655804 0.02456562 0.04382035
-0.02922847 -0.20146628 0.06347190
-0.02704326 -0.01515482 -0.02978166
-0.00068796 -0.04575174 0.02030788
0.00098329 -0.10096281 0.00570997
-0.02136737 -0.05329982 -0.05786542
