0.00000000 0.00000000 0.00000000
0.00000000 0.00000000 0.00000000
0.00000000 0.00000000 0.00000000
0.00000000 0.00000000 0.00000000
0.00000000 0.00000000 0.00000000
0.00000000 0.00000000 0.00000000
-5.81785758 14.11785886 27.51268802
14.11785886 -171.46565947 2.32806640
27.51268802 2.32806640 -168.12337970
-0.62860515 -0.04118674 0.98563886
-0.04118674 -2.29792301 -0.02430368
0.98563886 -0.02430368 -1.71732779
0.00000000 0.00000000 0.00000000
0.00000000 0.00000000 0.00000000
0.00000000 0.00000000 0.00000000
0.00000000 0.00000000 0.00000000
0.00000000 0.00000000 0.00000000
0.00000000 0.00000000 0.00000000
0.00000000 0.00000000 0.00000000
0.00000000 0.00000000 0.00000000
0.00000000 0.00000000 0.00000000
-5.36813479 0.58609377 1.49150071
0.58609377 -5.14158734 1.80736203
1.49150071 1.80736203 -1.25239715
