3
108
0.35000000
1.00000000

0.00010000

1.00000000 1.00000000 1.00000000 1.00000000 1.00000000 1.00000000 1.00000000 1.00000000 1.00000000 1.00000000 1.00000000 1.00000000 1.00000000 1.00000000 1.00000000 1.00000000 1.00000000 1.00000000 1.00000000 1.00000000 1.00000000 1.00000000 1.00000000 1.00000000 1.00000000 1.00000000 1.00000000 1.00000000 1.00000000 1.00000000 1.00000000 1.00000000 1.00000000 1.00000000 1.00000000 1.00000000 1.00000000 1.00000000 1.00000000 1.00000000 1.00000000 1.00000000 1.00000000 1.00000000 1.00000000 1.00000000 1.00000000 1.00000000 1.00000000 1.00000000 1.00000000 1.00000000 1.00000000 1.00000000 1.00000000 1.00000000 1.00000000 1.00000000 1.00000000 1.00000000 1.00000000 1.00000000 1.00000000 1.00000000 1.00000000 1.00000000 1.00000000 1.00000000 1.00000000 1.00000000 1.00000000 1.00000000 1.00000000 1.00000000 1.00000000 1.00000000 1.00000000 1.00000000 1.00000000 1.00000000 1.00000000 1.00000000 1.00000000 1.00000000 1.00000000 1.00000000 1.00000000 1.00000000 1.00000000 1.00000000 1.00000000 1.00000000 1.00000000 1.00000000 1.00000000 1.00000000 1.00000000 1.00000000 1.00000000 1.00000000 1.00000000 1.00000000 1.00000000 1.00000000 1.00000000 1.00000000 1.00000000 1.00000000 

0.62430579 0.59287700 0.57401753 0.61972020 0.58162703 0.64756330 0.62258776 0.59856927 0.58029127 0.57319584 0.61378979 0.57954730 0.57323267 0.62590681 0.59399056 0.57569124 0.63875742 0.60175684 0.57677196 0.63218431 0.59091902 0.57318765 0.57336276 0.62355945 0.58366833 0.57257650 0.62443157 0.58349873 0.64345928 0.61799997 0.59217106 0.57584464 0.70651194 0.70296717 0.70305201 0.70139607 0.69425477 0.68443775 0.65929614 0.69226318 0.68844562 0.68651615 0.67733913 0.70645260 0.69967616 0.70029750 0.69699675 0.69873179 0.69822750 0.68376886 0.66205338 0.69849950 0.69603343 0.69435982 0.69276372 0.68058762 0.66231774 0.71189565 0.70868200 0.70628500 0.70642843 0.70598492 0.70324318 0.68710318 0.65975104 0.70751751 0.70415780 0.70372529 0.70352609 0.70313767 0.68152392 0.68551752 0.68330701 0.67933007 0.67974282 0.65356844 0.68262587 0.67844657 0.68072676 0.67897487 0.70335340 0.69544954 0.68805244 0.68825725 0.67269445 0.70526079 0.70007031 0.69956055 0.69804831 0.67175543 0.71066257 0.69094644 0.68949507 0.70903943 0.70175694 0.69954767 0.73555360 0.72096658 0.71247239 0.71259687 0.68396420 0.67973915 0.67758245 0.67830987 0.68995628 0.69871360 0.70537007 0.70358614 
0.02401493 0.02212161 0.02115051 0.02489208 0.02194854 0.02619038 0.02452856 0.02321081 0.02196121 0.02105044 0.02319185 0.02127927 0.02099438 0.02269099 0.02116812 0.02085745 0.02241497 0.02183222 0.02112964 0.02429007 0.02204922 0.02056347 0.02093191 0.02040722 0.02017974 0.02074774 0.02138101 0.02185040 0.02145734 0.02170620 0.02162376 0.02103272 0.02262877 0.02879781 0.02850341 0.02932906 0.02924302 0.02969156 0.02697047 0.03004172 0.02963838 0.02952314 0.02933871 0.02624624 0.02628705 0.02735196 0.02842553 0.02968598 0.03088177 0.02945946 0.02721055 0.02709067 0.02683439 0.02677728 0.02682608 0.02698941 0.02518871 0.03048665 0.02770369 0.02646220 0.02749821 0.02880471 0.02882124 0.02356545 0.02273002 0.02030128 0.02710136 0.02610582 0.02607524 0.02633914 0.02450722 0.02888043 0.02787675 0.02718355 0.02711719 0.02514110 0.01917639 0.02048144 0.02129614 0.02176365 0.02846341 0.02769294 0.03198416 0.02838236 0.02433095 0.01794708 0.01940183 0.02066162 0.02269848 0.02202128 0.02068657 0.02114517 0.03131194 0.02646240 0.02947662 0.02814668 0.02805132 0.02845899 0.01712303 0.01852557 0.02947024 0.02357121 0.01740256 0.02750856 0.02270943 0.02950506 0.02864981 0.03323599 
0.04549062 0.03733166 0.02649062 0.03972830 0.03048767 0.03968168 0.04119884 0.03715784 0.02982286 0.02582923 0.04156770 0.02974677 0.02585210 0.04654652 0.03820408 0.02780520 0.04836415 0.04245382 0.02871326 0.03923979 0.03436955 0.02583796 0.02585258 0.03963859 0.03146930 0.02539853 0.03975105 0.03106707 0.04686415 0.04526814 0.03707925 0.02789109 0.02672187 0.01723302 0.01676667 0.01747513 0.02525793 0.03350538 0.04325751 0.03361339 0.02073501 0.01751031 0.02442569 0.03889553 0.02277884 0.01430417 0.00861935 0.00661296 0.00708922 0.02403872 0.03629348 0.03073611 0.02196231 0.01855744 0.01875843 0.02992064 0.03852135 0.02730844 0.02221480 0.02131891 0.01244038 0.01276263 0.01639784 0.03338942 0.04483516 0.03122516 0.02603372 0.02123782 0.02131773 0.02197978 0.03946150 0.04804826 0.02983966 0.02242945 0.02154556 0.03568502 0.03768075 0.02744666 0.02310864 0.02363178 0.04040219 0.02414570 0.01452725 0.01495515 0.02823990 0.03643106 0.02408473 0.02259373 0.02396602 0.04165059 0.07249552 0.08701485 0.05247199 0.05818222 0.07668879 0.04451201 0.06352590 0.04654522 0.06738313 0.04182933 0.06266219 0.08417533 0.07341829 0.06548281 0.05640258 0.07808980 0.04596914 0.06228673 
