0.00000000 0.00000000 0.00000000
0.00000000 0.00000000 0.00000000
0.00000000 0.00000000 0.00000000
0.06281782 0.00000000 0.00000000
0.00000000 0.06281782 0.00000000
0.00000000 0.00000000 0.06281782
0.00000000 0.00000000 0.00000000
0.00000000 0.00000000 0.00000000
0.00000000 0.00000000 0.00000000
0.00000000 0.00000000 0.00000000
0.00000000 0.00000000 0.00000000
0.00000000 0.00000000 0.00000000
0.02534283 0.00000000 0.00000000
0.00000000 0.02534283 0.00000000
0.00000000 0.00000000 0.02534283
0.05870423 0.00000000 0.00000000
0.00000000 0.05870423 0.00000000
0.00000000 0.00000000 0.05870423
0.00000000 0.00000000 0.00000000
0.00000000 0.00000000 0.00000000
0.00000000 0.00000000 0.00000000
0.11371556 0.00000000 0.00000000
0.00000000 0.11371556 0.00000000
0.00000000 0.00000000 0.11371556
0.00000000 0.00000000 0.00000000
0.00000000 0.00000000 0.00000000
0.00000000 0.00000000 0.00000000
0.00000000 0.00000000 0.00000000
0.00000000 0.00000000 0.00000000
0.00000000 0.00000000 0.00000000
