-0.14570314 -0.58333054 0.12879211
-0.01029014 -0.95622423 0.03619509
-0.06206343 -0.31960779 -0.04472925
-0.00961919 -0.04017731 -0.00633295
-0.00550475 -0.06716722 -0.00751319
0.00953888 0.08595754 -0.10309622
-0.21091090 0.23655057 0.17218782
0.25187511 -0.70132792 -0.22796727
0.09511797 -0.37131650 -0.14453564
-0.19786380 0.19358144 0.18579532
-0.04604546 -0.37090701 -0.01288800
-0.07674599 -0.22325652 -0.06207324
-0.00939588 0.03189483 -0.08575637
0.00494835 -0.01648627 -0.01160388
0.02750127 0.01166332 -0.06746432
-0.03002241 0.12347077 -0.14218334
-0.02813038 -0.08912700 0.05352131
0.05705614 -0.00013873 -0.19299111
-0.20402164 -0.06961027 0.30874138
0.15044556 0.01466942 -0.17988869
0.19733033 0.04122190 -0.33518060
-0.01974790 0.03695837 0.04078581
-0.04426188 -0.16616413 0.05979953
-0.04029094 -0.14177865 -0.10318040
-0.16846696 0.03302125 0.12365711
-0.11575119 -0.15184490 0.10865047
0.04457252 -0.04432206 -0.09017727
-0.00264539 0.11402571 -0.00402511
-0.09530602 -0.08277555 0.09365798
-0.04910541 -0.07302395 -0.05807150
