3
102
0.35000000
1.00000000

0.00010000

1.00000000 1.00000000 1.00000000 1.00000000 1.00000000 1.00000000 1.00000000 1.00000000 1.00000000 1.00000000 1.00000000 1.00000000 1.00000000 1.00000000 1.00000000 1.00000000 1.00000000 1.00000000 1.00000000 1.00000000 1.00000000 1.00000000 1.00000000 1.00000000 1.00000000 1.00000000 1.00000000 1.00000000 1.00000000 1.00000000 1.00000000 1.00000000 1.00000000 1.00000000 1.00000000 1.00000000 1.00000000 1.00000000 1.00000000 1.00000000 1.00000000 1.00000000 1.00000000 1.00000000 1.00000000 1.00000000 1.00000000 1.00000000 1.00000000 1.00000000 1.00000000 1.00000000 1.00000000 1.00000000 1.00000000 1.00000000 1.00000000 1.00000000 1.00000000 1.00000000 1.00000000 1.00000000 1.00000000 1.00000000 1.00000000 1.00000000 1.00000000 1.00000000 1.00000000 1.00000000 1.00000000 1.00000000 1.00000000 1.00000000 1.00000000 1.00000000 1.00000000 1.00000000 1.00000000 1.00000000 1.00000000 1.00000000 1.00000000 1.00000000 1.00000000 1.00000000 1.00000000 1.00000000 1.00000000 1.00000000 1.00000000 1.00000000 1.00000000 1.00000000 1.00000000 1.00000000 1.00000000 1.00000000 1.00000000 1.00000000 1.00000000 1.00000000 

0.11012373 0.10899824 0.10833029 0.09706204 0.11030623 0.10959299 0.10938578 0.10752430 0.09275024 0.11106729 0.10659629 0.10658364 0.10753904 0.10723250 0.10093603 0.08798677 0.10504288 0.11336933 0.11037524 0.10699665 0.10640093 0.10479367 0.09309183 0.08918818 0.12170702 0.11452032 0.11004823 0.10692496 0.10685584 0.10471662 0.10711013 0.10477205 0.10449287 0.10406664 0.08703654 0.11033265 0.10924577 0.10745560 0.10861837 0.10910800 0.10826780 0.10189602 0.09606275 0.08009076 0.06457506 0.08125301 0.06815917 0.08489123 0.06830118 0.08342839 0.07875200 0.07021994 0.06524244 0.05742604 0.08763227 0.07752317 0.06024945 0.06738090 0.05974581 0.08209679 0.07757040 0.06899757 0.05168088 0.02294979 0.00811759 -0.00086774 0.04314471 0.02468433 0.01076702 0.00091856 0.04423148 0.01749233 0.00512534 -0.00080922 0.03920060 0.02619756 0.00821628 -0.00105760 -0.00097254 -0.00093028 0.03662755 0.01820068 0.00396892 -0.00082549 0.03062703 0.01304225 0.00269324 -0.00146738 0.04403589 0.03057416 0.01300217 0.00195134 0.11040320 0.10367220 0.11206310 0.11615372 0.09446215 0.15107114 0.14089812 0.11703390 0.10551694 0.11469324 
-0.01089138 -0.01113454 -0.01093192 -0.00792450 -0.01496245 -0.01254026 -0.01126586 -0.01138799 -0.01098040 -0.01492247 -0.01242678 -0.01142811 -0.01184268 -0.01154731 -0.00718309 -0.00690553 -0.01275492 -0.01094515 -0.01139940 -0.01043526 -0.01094603 -0.01055844 -0.00832575 -0.00772147 -0.01798958 -0.01527816 -0.01275380 -0.01218196 -0.01223483 -0.00930235 -0.01059753 -0.01113685 -0.01143909 -0.01126501 -0.00614480 -0.01119997 -0.01259034 -0.01283974 -0.01352982 -0.01355279 -0.01327742 -0.01221622 -0.01172563 -0.00581132 -0.00329954 -0.01009256 -0.00785786 -0.00678161 -0.00574704 -0.00722864 -0.00621573 -0.00506808 -0.00455728 -0.00388396 -0.01443848 -0.01157799 -0.00873496 -0.00553992 -0.00500307 -0.01001711 -0.00886861 -0.00727559 -0.00601408 -0.00352705 -0.00150987 -0.00063410 -0.00589044 -0.00431538 -0.00185635 -0.00050446 -0.00498266 -0.00301835 -0.00060050 -0.00043232 -0.00368149 -0.00269126 -0.00058920 0.00033713 0.00021172 -0.00025611 -0.00723550 -0.00381533 -0.00081937 -0.00042500 -0.00484831 -0.00344445 -0.00145938 -0.00085956 -0.00548630 -0.00440717 -0.00232047 -0.00077736 0.00289343 -0.00562025 -0.01658958 -0.00793051 -0.01221927 -0.02182654 -0.01591543 -0.01386223 -0.00822033 -0.02126602 
-0.00126771 -0.00653329 -0.00571076 0.00264024 0.01661326 -0.00027801 -0.00719550 -0.00561366 0.00506443 0.00342792 0.00216099 -0.00320468 -0.00410764 -0.00380608 0.00098308 0.00921020 0.00806088 0.00308776 -0.00230387 -0.00742876 -0.00717304 -0.00613160 0.00279991 0.00500756 0.01172899 0.00513112 -0.00242176 -0.00436723 -0.00440655 0.01828505 -0.00299488 -0.00706208 -0.00919298 -0.00854424 0.00309917 0.01423231 0.00669104 0.00135961 -0.00044707 -0.00090257 -0.00016370 0.00446877 0.00828495 0.01169809 0.01676380 0.01066230 0.01501988 0.01071722 0.01649075 0.00805398 0.01008599 0.01299466 0.01435037 0.01620886 0.00900635 0.01334768 0.01853291 0.01105792 0.01343353 0.01495692 0.01646590 0.01925544 0.01975472 0.01004619 0.00242380 -0.00420339 0.01544802 0.01005740 0.00323525 -0.00339389 0.01672397 0.00783470 0.00044887 -0.00385844 0.01400993 0.01044865 0.00186211 -0.00458072 -0.00441795 -0.00406600 0.01555874 0.00850602 0.00007249 -0.00389497 0.01014217 0.00294632 -0.00305483 -0.00618493 0.01803937 0.01439536 0.00588966 -0.00183085 0.07435459 0.02385352 0.04392097 0.05555840 0.07097911 0.08257113 0.04647091 0.08212944 0.03120687 0.05264412 
