2
122
0.35000000
1.00000000

0.00010000

1.00000000 1.00000000 1.00000000 1.00000000 1.00000000 1.00000000 1.00000000 1.00000000 1.00000000 1.00000000 1.00000000 1.00000000 1.00000000 1.00000000 1.00000000 1.00000000 1.00000000 1.00000000 1.00000000 1.00000000 1.00000000 1.00000000 1.00000000 1.00000000 1.00000000 1.00000000 1.00000000 1.00000000 1.00000000 1.00000000 1.00000000 1.00000000 1.00000000 1.00000000 1.00000000 1.00000000 1.00000000 1.00000000 1.00000000 1.00000000 1.00000000 1.00000000 1.00000000 1.00000000 1.00000000 1.00000000 1.00000000 1.00000000 1.00000000 1.00000000 1.00000000 1.00000000 1.00000000 1.00000000 1.00000000 1.00000000 1.00000000 1.00000000 1.00000000 1.00000000 1.00000000 1.00000000 1.00000000 1.00000000 1.00000000 1.00000000 1.00000000 1.00000000 1.00000000 1.00000000 1.00000000 1.00000000 1.00000000 1.00000000 1.00000000 1.00000000 1.00000000 1.00000000 1.00000000 1.00000000 1.00000000 1.00000000 1.00000000 1.00000000 1.00000000 1.00000000 1.00000000 1.00000000 1.00000000 1.00000000 1.00000000 1.00000000 1.00000000 1.00000000 1.00000000 1.00000000 1.00000000 1.00000000 1.00000000 1.00000000 1.00000000 1.00000000 1.00000000 1.00000000 1.00000000 1.00000000 1.00000000 1.00000000 1.00000000 1.00000000 1.00000000 1.00000000 1.00000000 1.00000000 1.00000000 1.00000000 1.00000000 1.00000000 1.00000000 1.00000000 1.00000000 1.00000000 

1.13071720 1.10533520 1.08137276 1.05965481 1.03793141 1.01812163 0.99507749 0.97550125 0.95417587 0.93764983 0.91671309 0.89890897 0.87413288 0.85285577 0.82956834 0.80916140 0.78862149 0.77099330 0.75054822 0.72800214 0.70875559 0.69258116 0.68035429 0.67032485 0.66482651 0.65746514 0.65518410 0.64994803 0.64521621 0.62999616 0.61380417 0.59744499 0.58539342 0.57148586 0.56414677 0.55122015 0.54370147 0.53167589 0.52332574 0.50939732 0.49933015 0.48384971 0.47182845 0.45779593 0.44525040 0.43135241 0.41545777 0.39796728 0.37857109 0.36114959 0.34098315 0.32194423 0.29939276 0.28144977 0.26264861 0.24666397 0.22837432 0.21119753 0.18869459 0.17073780 0.14802884 0.12694154 0.10007746 0.07667132 0.04990726 0.02746672 0.00428185 -0.01540970 -0.03761965 -0.05734904 -0.07700968 -0.09665844 -0.11449904 -0.13677138 -0.15449460 -0.17368357 -0.18639833 -0.19823927 2.66275120 2.65847767 2.65596008 2.64928763 2.64319090 2.63811424 2.63163055 2.62612344 2.61656575 2.60201637 2.58899117 2.57727935 2.56775969 2.56143084 2.55613423 2.55433702 2.54970612 2.54703583 2.53966237 2.53302045 2.52281425 2.51209519 2.50028470 2.48544493 2.47420167 2.45668230 2.44240764 2.42212823 2.40355822 2.38169580 2.35797869 2.33853248 2.31333329 2.29253775 2.26538225 2.24651731 2.22194066 2.20374484 2.18085802 2.15780542 2.12768953 2.09621335 2.06644651 2.03441691 
1.32750641 1.30942939 1.29299033 1.27704087 1.26331203 1.25041143 1.24023612 1.23141596 1.22420490 1.21692831 1.21193526 1.20785588 1.20487342 1.20099633 1.19610812 1.19123931 1.18454837 1.17676524 1.16793487 1.15783874 1.14837935 1.14111876 1.13518763 1.13108289 1.12815471 1.12604442 1.12300753 1.11989595 1.11502704 1.11060388 1.10623278 1.10224703 1.09845492 1.09506871 1.09212663 1.08897972 1.08448041 1.07889775 1.07413534 1.06960068 1.06705552 1.06559505 1.06465174 1.06410993 1.06384171 1.06245171 1.06018330 1.05742154 1.05360779 1.04962365 1.04595676 1.04276363 1.03981882 1.03774644 1.03534648 1.03339403 1.03054624 1.02912510 1.02762554 1.02705263 1.02579338 1.02578303 1.02412877 1.02270412 1.02009618 1.01715587 1.01336567 1.00921569 1.00464688 0.99986349 0.99459893 0.98870210 0.98279520 0.97531702 0.96920277 0.96389089 0.96039110 0.95640035 3.69194903 3.68366838 3.67343003 3.66146105 3.64690458 3.62721699 3.60381332 3.57570064 3.54579973 3.51195124 3.47436387 3.43902313 3.40636983 3.37805837 3.35358634 3.33196471 3.31066599 3.28965919 3.26805263 3.24259793 3.21367767 3.17915756 3.14820049 3.11796101 3.08891262 3.06373317 3.03698532 3.01002926 2.97856780 2.94540648 2.90881906 2.87034378 2.82948283 2.79005039 2.75267089 2.71606745 2.68110022 2.64170384 2.59925518 2.55207709 2.50038143 2.44486533 2.38973308 2.33727265 
