0.04641269 0.00000000 0.00000000
0.00000000 0.04641269 0.00000000
0.00000000 0.00000000 0.04641269
0.11178338 0.00000000 0.00000000
0.00000000 0.11178338 0.00000000
0.00000000 0.00000000 0.11178338
0.00000000 0.00000000 0.00000000
0.00000000 0.00000000 0.00000000
0.00000000 0.00000000 0.00000000
0.00000000 0.00000000 0.00000000
0.00000000 0.00000000 0.00000000
0.00000000 0.00000000 0.00000000
0.00000000 0.00000000 0.00000000
0.00000000 0.00000000 0.00000000
0.00000000 0.00000000 0.00000000
0.00000000 0.00000000 0.00000000
0.00000000 0.00000000 0.00000000
0.00000000 0.00000000 0.00000000
0.08698089 0.00000000 0.00000000
0.00000000 0.08698089 0.00000000
0.00000000 0.00000000 0.08698089
0.00000000 0.00000000 0.00000000
0.00000000 0.00000000 0.00000000
0.00000000 0.00000000 0.00000000
0.00000000 0.00000000 0.00000000
0.00000000 0.00000000 0.00000000
0.00000000 0.00000000 0.00000000
0.08845559 0.00000000 0.00000000
0.00000000 0.08845559 0.00000000
0.00000000 0.00000000 0.08845559
0.00000000 0.00000000 0.00000000
0.00000000 0.00000000 0.00000000
0.00000000 0.00000000 0.00000000
0.12390644 0.00000000 0.00000000
0.00000000 0.12390644 0.00000000
0.00000000 0.00000000 0.12390644
0.00000000 0.00000000 0.00000000
0.00000000 0.00000000 0.00000000
0.00000000 0.00000000 0.00000000
0.00000000 0.00000000 0.00000000
0.00000000 0.00000000 0.00000000
0.00000000 0.00000000 0.00000000
0.07032694 0.00000000 0.00000000
0.00000000 0.07032694 0.00000000
0.00000000 0.00000000 0.07032694
0.00000000 0.00000000 0.00000000
0.00000000 0.00000000 0.00000000
0.00000000 0.00000000 0.00000000
0.05166295 0.00000000 0.00000000
0.00000000 0.05166295 0.00000000
0.00000000 0.00000000 0.05166295
0.07753836 0.00000000 0.00000000
0.00000000 0.07753836 0.00000000
0.00000000 0.00000000 0.07753836
0.00000000 0.00000000 0.00000000
0.00000000 0.00000000 0.00000000
0.00000000 0.00000000 0.00000000
0.00000000 0.00000000 0.00000000
0.00000000 0.00000000 0.00000000
0.00000000 0.00000000 0.00000000
0.00000000 0.00000000 0.00000000
0.00000000 0.00000000 0.00000000
0.00000000 0.00000000 0.00000000
0.00000000 0.00000000 0.00000000
0.00000000 0.00000000 0.00000000
0.00000000 0.00000000 0.00000000
0.19601553 0.00000000 0.00000000
0.00000000 0.19601553 0.00000000
0.00000000 0.00000000 0.19601553
