-0.01613839 -0.00605939 0.12455616
-0.00087141 -0.03691066 0.01403810
-0.00299843 -0.02741562 -0.10208614
-0.12251939 0.53664255 -1.12760230
-0.00013833 -0.19465111 -0.68231185
0.01003836 0.12229879 -1.09169005
-0.08749677 0.18104451 0.17831231
0.01217259 -0.09490671 -0.02972746
-0.02661663 -0.01110078 -0.00940089
-0.01680436 -0.06680240 0.03774727
-0.00226347 -0.32107067 -0.03421315
-0.02114086 0.00666070 -0.03936010
-0.02130756 0.14837876 -0.03087575
-0.08208858 0.00062180 0.05193584
-0.01987419 -0.01766945 0.00755781
-0.20415858 0.11254359 0.22698239
-0.00450180 -0.06665254 0.00794404
-0.02730319 -0.03483702 -0.00580136
-0.11901924 0.85922328 0.46688439
-0.01289592 -0.33969091 0.65628686
-0.00700837 -0.37276086 -0.49611489
-0.16262933 0.03357717 0.18295061
0.05729328 -0.09731422 -0.08972271
0.00003223 0.04181671 -0.04151663
-0.00152950 -0.05407955 -0.00557215
-0.00105062 -0.22762862 -0.03130720
-0.00617416 -0.04675566 -0.07470062
-0.00869614 0.01444497 0.05717844
0.00005791 -0.04461938 0.00013395
-0.00437576 -0.04154505 -0.12360811
-0.11283025 0.13947718 0.17606813
-0.02791836 -0.11465947 0.00956293
0.00196827 -0.03707679 -0.05918651
-0.16050995 0.55303284 -2.55997636
-0.00826216 -0.15140048 0.89365964
0.01375202 -0.00896054 -2.10309747
-0.17566707 0.36942951 0.37399561
0.06096725 -0.13515286 -0.10397217
-0.02947730 -0.06179993 -0.03764076
-0.04572875 0.06912906 0.03848602
-0.03436508 -0.02883521 0.01361619
-0.00538143 -0.02418842 -0.01030980
-0.00467120 0.02670628 0.02047581
0.00236465 -0.11983679 -0.01450870
-0.01793320 -0.07086908 -0.05479197
-0.02174298 -0.03171930 0.20680057
-0.00048139 -0.03268595 0.00678214
-0.00009293 0.02832574 -0.17695364
-0.01281778 0.00563921 0.10491920
-0.00016149 -0.02877220 0.00181888
-0.00299692 -0.01229643 -0.10268446
-0.08814403 0.42267536 -0.64859933
-0.00233365 -0.05590535 0.12579327
0.00435938 0.12307813 -0.79572817
-0.00700914 0.17400182 0.05764420
-0.02194754 -0.06613428 0.01363097
-0.03676351 -0.05784793 0.00227779
-0.00065477 -0.02412213 0.00774822
0.00301005 -0.27382950 -0.03194729
-0.01761657 0.11900610 -0.03245219
-0.10728518 0.05822186 0.09402849
-0.06693250 -0.10465748 0.08158268
0.01927659 0.03636754 -0.05946071
-0.09212989 0.33177541 0.25511085
0.01283795 -0.09485971 -0.02619760
-0.04343417 -0.13353964 -0.05305464
-0.25209835 0.30938212 0.17034007
0.00369811 -0.16937020 -0.02149660
-0.00757421 -0.11228989 -0.02880034
