3
110
0.35000000
1.00000000

0.00010000

1.00000000 1.00000000 1.00000000 1.00000000 1.00000000 1.00000000 1.00000000 1.00000000 1.00000000 1.00000000 1.00000000 1.00000000 1.00000000 1.00000000 1.00000000 1.00000000 1.00000000 1.00000000 1.00000000 1.00000000 1.00000000 1.00000000 1.00000000 1.00000000 1.00000000 1.00000000 1.00000000 1.00000000 1.00000000 1.00000000 1.00000000 1.00000000 1.00000000 1.00000000 1.00000000 1.00000000 1.00000000 1.00000000 1.00000000 1.00000000 1.00000000 1.00000000 1.00000000 1.00000000 1.00000000 1.00000000 1.00000000 1.00000000 1.00000000 1.00000000 1.00000000 1.00000000 1.00000000 1.00000000 1.00000000 1.00000000 1.00000000 1.00000000 1.00000000 1.00000000 1.00000000 1.00000000 1.00000000 1.00000000 1.00000000 1.00000000 1.00000000 1.00000000 1.00000000 1.00000000 1.00000000 1.00000000 1.00000000 1.00000000 1.00000000 1.00000000 1.00000000 1.00000000 1.00000000 1.00000000 1.00000000 1.00000000 1.00000000 1.00000000 1.00000000 1.00000000 1.00000000 1.00000000 1.00000000 1.00000000 1.00000000 1.00000000 1.00000000 1.00000000 1.00000000 1.00000000 1.00000000 1.00000000 1.00000000 1.00000000 1.00000000 1.00000000 1.00000000 1.00000000 1.00000000 1.00000000 1.00000000 1.00000000 1.00000000 1.00000000 

0.17881437 0.17759080 0.17769137 0.17765685 0.17583896 0.15980251 0.17592983 0.17605752 0.17566524 0.17551127 0.17573411 0.17356403 0.16116002 0.18877700 0.19352578 0.19639151 0.19668886 0.19638772 0.19633656 0.19635741 0.19595339 0.19617540 0.19532676 0.19528705 0.19302618 0.17606255 0.15120263 0.18940201 0.18968644 0.18928426 0.18922344 0.18860338 0.18839423 0.18831298 0.18703803 0.16843549 0.14252863 0.18192024 0.18481917 0.18769936 0.18743246 0.18666350 0.18333309 0.17846689 0.17380404 0.15340014 0.18197350 0.18511792 0.18614802 0.18746004 0.18750890 0.18703798 0.18630395 0.17296653 0.14824911 0.17784635 0.18112888 0.18351990 0.18523272 0.18402775 0.18024485 0.15899801 0.12322784 0.08555423 0.12811404 0.09164095 0.12973487 0.10556096 0.08035347 0.12918286 0.09656462 0.13752992 0.10852621 0.07497566 0.12060628 0.08623147 0.12686341 0.08743019 0.04612921 0.01775745 0.00500096 -0.00098635 0.05728085 0.02376863 0.00526720 -0.00115594 0.05949335 0.03432213 0.01406353 0.00429749 0.00084304 -0.00100925 0.06199306 0.03079074 0.00871915 -0.00025461 -0.00097268 0.04316218 0.01823270 0.00479681 0.00094826 -0.00055136 0.04394014 0.01431328 -0.00038173 -0.00110032 0.05832053 0.01875599 0.00291286 -0.00097618 
-0.00639498 -0.00723741 -0.00727696 -0.00730847 -0.00712869 -0.00498503 -0.00893493 -0.00678001 -0.00577633 -0.00532614 -0.00526358 -0.00465020 -0.00202482 -0.00616992 -0.00529634 -0.00568987 -0.00621914 -0.00637799 -0.00638772 -0.00637977 -0.00618485 -0.00575956 -0.00553598 -0.00551278 -0.00544090 -0.00530431 -0.00495303 -0.00410370 -0.00408204 -0.00376165 -0.00290313 -0.00193553 -0.00170759 -0.00170556 -0.00162062 -0.00106799 -0.00064133 0.00000162 0.00120688 0.00034285 -0.00255250 -0.00193508 -0.00182522 -0.00174330 -0.00157969 -0.00138028 -0.00024745 -0.00167396 -0.00078672 0.00204856 0.00259167 0.00253077 -0.00134364 -0.00267421 -0.00292924 -0.00367779 -0.00594661 -0.00468910 -0.00534153 -0.00554527 -0.00541538 -0.00446007 -0.00265429 -0.00275108 -0.00179682 -0.00334819 -0.00462327 -0.00436197 -0.00389396 -0.00049659 -0.00024778 -0.00182041 -0.00345416 -0.00343280 -0.00329186 -0.00300557 -0.00514849 -0.00569365 -0.00249632 -0.00135028 -0.00066602 -0.00022353 -0.00250176 -0.00144219 -0.00058418 -0.00020598 -0.00311601 -0.00216421 -0.00151833 -0.00100366 -0.00065599 -0.00041561 -0.00013741 -0.00020198 -0.00026855 -0.00024295 -0.00024054 -0.00235470 -0.00116987 -0.00064214 -0.00032826 -0.00029698 -0.00175137 -0.00057281 -0.00013619 -0.00018919 -0.00460221 -0.00113600 -0.00036249 -0.00017707 
-0.00137275 -0.00187941 -0.00228223 -0.00212443 -0.00241977 -0.00263517 0.03740682 0.02018472 0.00763590 -0.00201198 -0.00244155 -0.00251964 -0.00248249 0.04648208 0.03872878 0.02920629 0.02364357 0.01946749 0.01774461 0.01576438 0.01260671 0.00574270 -0.00213942 -0.00251272 -0.00290145 -0.00296585 -0.00301014 0.04633663 0.03229203 0.01709487 0.00590306 -0.00012629 -0.00240518 -0.00250500 -0.00261217 -0.00231911 -0.00232997 0.03395496 0.02422801 0.01477020 0.00640541 -0.00164296 -0.00289485 -0.00297040 -0.00288513 -0.00298365 0.04070830 0.02592015 0.01268299 0.00064887 -0.00280503 -0.00318820 -0.00324661 -0.00281220 -0.00269697 0.03586441 0.02086684 0.00701245 -0.00208804 -0.00281567 -0.00285302 -0.00282798 -0.00261419 -0.00304459 -0.00244161 -0.00288540 -0.00330385 -0.00356014 -0.00371077 -0.00255519 -0.00295934 -0.00329707 -0.00363467 -0.00383942 -0.00304497 -0.00338925 -0.00303647 -0.00326828 -0.00330022 -0.00368799 -0.00377495 -0.00376491 -0.00306428 -0.00334937 -0.00360015 -0.00360337 -0.00371181 -0.00388895 -0.00406820 -0.00424776 -0.00423238 -0.00424787 -0.00304446 -0.00323588 -0.00345903 -0.00355062 -0.00348294 -0.00379672 -0.00403732 -0.00411085 -0.00405674 -0.00394263 -0.00347929 -0.00376244 -0.00385740 -0.00383696 -0.00320342 -0.00373111 -0.00385133 -0.00378715 
