0.00024305 -0.00000447 0.00007507
-0.00000447 0.00000740 0.00000096
0.00007507 0.00000096 0.00025135
0.00167965 -0.00002852 0.00000717
-0.00002852 0.00058890 -0.00000019
0.00000717 -0.00000019 0.00058700
0.00045306 -0.00009390 -0.00005724
-0.00009390 0.00029607 -0.00035220
-0.00005724 -0.00035220 0.00052943
0.00038971 0.00001033 -0.00012729
0.00001033 0.00024651 -0.00001887
-0.00012729 -0.00001887 0.00101832
0.00041000 0.00009583 0.00007685
0.00009583 0.00089287 0.00034370
0.00007685 0.00034370 0.00063658
0.00208418 0.00031992 0.00029339
0.00031992 0.00095210 -0.00019028
0.00029339 -0.00019028 0.00041221
0.00259934 -0.00003068 0.00001175
-0.00003068 0.00091055 -0.00000021
0.00001175 -0.00000021 0.00090841
0.00066018 0.00039604 0.00015351
0.00039604 0.00119161 0.00001247
0.00015351 0.00001247 0.00011806
0.00009592 0.00008553 0.00004040
0.00008553 0.00023510 -0.00010898
0.00004040 -0.00010898 0.00029539
0.00016900 0.00000047 -0.00001047
0.00000047 0.00014086 -0.00004569
-0.00001047 -0.00004569 0.00047546
0.00064570 -0.00025819 0.00005304
-0.00025819 0.00135650 -0.00056970
0.00005304 -0.00056970 0.00043167
0.00097821 -0.00002290 0.00000449
-0.00002290 0.00034350 -0.00000016
0.00000449 -0.00000016 0.00034172
0.00023086 -0.00009808 0.00008451
-0.00009808 0.00022969 -0.00010932
0.00008451 -0.00010932 0.00023574
0.00041367 -0.00015181 -0.00007008
-0.00015181 0.00044869 0.00029271
-0.00007008 0.00029271 0.00038943
0.00052157 0.00012607 -0.00018988
0.00012607 0.00068055 -0.00034519
-0.00018988 -0.00034519 0.00147848
0.00054925 -0.00000563 0.00003415
-0.00000563 0.00017345 -0.00000238
0.00003415 -0.00000238 0.00019652
0.00016010 -0.00000222 0.00006186
-0.00000222 0.00000752 -0.00000178
0.00006186 -0.00000178 0.00021325
0.00046889 0.00000122 0.00000274
0.00000122 0.00016409 0.00000029
0.00000274 0.00000029 0.00016192
0.00185413 -0.00088910 -0.00013596
-0.00088910 0.00185241 0.00013275
-0.00013596 0.00013275 0.00098556
0.00035766 0.00002814 -0.00010986
0.00002814 0.00032981 0.00001919
-0.00010986 0.00001919 0.00102808
0.00059408 -0.00039093 0.00010325
-0.00039093 0.00170861 0.00000607
0.00010325 0.00000607 0.00058305
0.00035212 0.00008051 -0.00016936
0.00008051 0.00034405 -0.00023610
-0.00016936 -0.00023610 0.00057116
0.00039176 -0.00000973 0.00000193
-0.00000973 0.00013760 -0.00000001
0.00000193 -0.00000001 0.00013705
