0.00088139 0.00000000 0.00000000
0.00000000 0.00088139 0.00000000
0.00000000 0.00000000 0.00088139
0.23675819 0.00000000 0.00000000
0.00000000 0.23675819 0.00000000
0.00000000 0.00000000 0.23675819
0.00000000 0.00000000 0.00000000
0.00000000 0.00000000 0.00000000
0.00000000 0.00000000 0.00000000
0.00000000 0.00000000 0.00000000
0.00000000 0.00000000 0.00000000
0.00000000 0.00000000 0.00000000
0.39729380 0.00000000 0.00000000
0.00000000 0.39729380 0.00000000
0.00000000 0.00000000 0.39729380
0.01514109 0.00000000 0.00000000
0.00000000 0.01514109 0.00000000
0.00000000 0.00000000 0.01514109
0.01263068 0.00000000 0.00000000
0.00000000 0.01263068 0.00000000
0.00000000 0.00000000 0.01263068
0.00000000 0.00000000 0.00000000
0.00000000 0.00000000 0.00000000
0.00000000 0.00000000 0.00000000
0.14204911 0.00000000 0.00000000
0.00000000 0.14204911 0.00000000
0.00000000 0.00000000 0.14204911
0.00000000 0.00000000 0.00000000
0.00000000 0.00000000 0.00000000
0.00000000 0.00000000 0.00000000
