-1.37451520 0.29715903 0.17964668
-0.29518566 -0.00085893 0.01662024
0.10988258 -0.02578994 -0.01572581
-1.94730674 0.05452327 0.01579051
-1.64639590 -0.32898361 0.04538329
0.21309248 -0.01682770 -0.01273611
-0.49038338 0.03831929 -0.00061168
1.06228052 -0.61058115 0.04799267
0.04535860 -0.07754235 -0.04928957
-0.25665158 -0.00066904 -0.01097466
-0.04809966 -0.06495570 -0.40858384
-0.25089173 0.02377848 -0.42102865
-0.35954997 -0.00166238 0.10844803
0.90887153 -0.52123474 0.14965125
-0.06554208 0.02560259 -0.02204252
-0.00073930 -0.00580027 -0.00263666
-0.01252770 -0.02045474 -0.22819154
0.00175198 0.03156498 0.02070440
-0.00061539 -0.00471715 -0.00688669
-0.01950490 -0.02673892 -0.29805431
0.00298498 0.04100790 0.02731559
-0.62686588 -0.00767641 -0.01715451
-0.48130022 -0.11606127 -0.32607356
0.13045594 0.06566523 0.02676483
-0.87789227 -0.00071244 0.03224329
0.89466084 -0.19433848 0.22184302
-0.07638639 0.00095940 -0.14917591
-0.34390240 0.03152245 -0.00105118
-0.16986331 -0.01779625 -0.04214877
-0.11211437 -0.03523736 -0.11550359
