3
123
0.35000000
1.00000000

0.00010000

1.00000000 1.00000000 1.00000000 1.00000000 1.00000000 1.00000000 1.00000000 1.00000000 1.00000000 1.00000000 1.00000000 1.00000000 1.00000000 1.00000000 1.00000000 1.00000000 1.00000000 1.00000000 1.00000000 1.00000000 1.00000000 1.00000000 1.00000000 1.00000000 1.00000000 1.00000000 1.00000000 1.00000000 1.00000000 1.00000000 1.00000000 1.00000000 1.00000000 1.00000000 1.00000000 1.00000000 1.00000000 1.00000000 1.00000000 1.00000000 1.00000000 1.00000000 1.00000000 1.00000000 1.00000000 1.00000000 1.00000000 1.00000000 1.00000000 1.00000000 1.00000000 1.00000000 1.00000000 1.00000000 1.00000000 1.00000000 1.00000000 1.00000000 1.00000000 1.00000000 1.00000000 1.00000000 1.00000000 1.00000000 1.00000000 1.00000000 1.00000000 1.00000000 1.00000000 1.00000000 1.00000000 1.00000000 1.00000000 1.00000000 1.00000000 1.00000000 1.00000000 1.00000000 1.00000000 1.00000000 1.00000000 1.00000000 1.00000000 1.00000000 1.00000000 1.00000000 1.00000000 1.00000000 1.00000000 1.00000000 1.00000000 1.00000000 1.00000000 1.00000000 1.00000000 1.00000000 1.00000000 1.00000000 1.00000000 1.00000000 1.00000000 1.00000000 1.00000000 1.00000000 1.00000000 1.00000000 1.00000000 1.00000000 1.00000000 1.00000000 1.00000000 1.00000000 1.00000000 1.00000000 1.00000000 1.00000000 1.00000000 1.00000000 1.00000000 1.00000000 1.00000000 1.00000000 1.00000000 

0.00099979 0.00115979 -0.00057733 -0.00039678 -0.00019218 -0.00021549 -0.00057418 -0.00021433 0.00041304 -0.00163805 0.00059266 0.00072589 -0.00062538 -0.00001190 0.00059607 -0.00106539 0.00106127 0.00111431 0.00169839 -0.00083107 0.00003110 -0.00129838 -0.00112412 -0.00079888 -0.00176288 -0.00162227 -0.00053520 0.00224963 0.00050171 -0.00116955 -0.00015859 0.00005670 0.00111701 0.00016656 -0.00050043 -0.00004482 0.00031434 -0.00233987 -0.00223164 -0.00120963 -0.00034210 -0.00043973 -0.00096500 -0.00096344 -0.00099541 0.00152694 -0.00068081 0.00014441 -0.00127941 0.00050570 0.00081631 -0.00020225 0.00035059 0.00006675 0.00154630 0.00047749 0.00155253 -0.00022364 -0.00053857 0.00074359 -0.00044780 -0.00142332 -0.00162336 -0.00129436 -0.00084717 -0.00142777 -0.00223819 0.00143238 0.00129925 0.00109029 0.00078108 0.00090348 0.00143068 0.00035122 -0.00089272 0.00013803 -0.00085281 0.00101825 0.00255876 0.00085487 0.00068505 0.00030724 -0.00045386 -0.00014805 0.00077804 -0.00109564 -0.00093862 -0.00092238 -0.00264450 -0.00088821 0.00059566 0.00038627 -0.00021060 -0.00210266 0.00235184 -0.00081843 -0.00002729 0.00209664 0.00175552 0.00106758 0.00004039 0.00188642 0.00070956 -0.00075331 -0.00012524 -0.00009486 -0.00032703 -0.00077707 -0.00013126 -0.00037767 0.00030564 -0.00099585 -0.00133629 -0.00091592 0.00018557 0.00049907 0.00001676 -0.00043879 0.00003228 -0.00068721 0.00147324 0.00055819 0.00151611 
-0.08061059 -0.05421721 -0.02424325 -0.10902750 -0.07784956 -0.05078045 -0.01930659 -0.11867034 -0.08555186 -0.04839739 -0.01220444 0.00870653 0.02704269 0.04266669 0.05489080 0.07079043 0.09143406 0.11088662 0.12758552 0.01171554 0.03569083 0.05993439 0.08110164 0.10134702 0.12269865 0.00791924 0.04321520 0.07211794 0.10047400 0.14849926 0.13243092 0.12021695 0.10476811 0.08591662 0.07064754 0.04945448 0.01978474 0.13608063 0.12524487 0.11037958 0.09522298 0.08380828 0.06908219 0.05016525 0.03016141 0.14517128 0.12715316 0.10773656 0.08806920 0.06882130 0.04809471 0.02474260 -0.00225184 -0.01866312 -0.04116433 -0.06698154 -0.09290292 -0.11520132 -0.13160706 0.00213169 -0.01836351 -0.03793684 -0.05958715 -0.08056173 -0.10220652 -0.12440351 0.01824336 -0.00452980 -0.02687337 -0.05228403 -0.07958915 -0.10556215 -0.12757385 0.02783643 0.04581490 0.06229256 0.08007928 0.10121150 0.12330616 0.14159070 0.15412733 0.16426707 0.17419939 0.18734814 0.04274228 0.06483233 0.08605029 0.10343231 0.11777766 0.13342101 0.15039464 0.16737472 0.17927156 0.18494388 0.02274766 0.04548395 0.06963901 0.09325661 0.11871613 0.14618350 0.16835191 0.18254331 -0.13825750 -0.11947238 -0.09909241 -0.07402561 -0.04533030 -0.02195515 -0.00427721 -0.14316189 -0.12660034 -0.11079935 -0.09397414 -0.07562692 -0.05872981 -0.04040378 -0.02079819 0.00516467 -0.12701242 -0.10371840 -0.08305173 -0.06091097 -0.03785663 
0.20697306 0.21011738 0.21132945 0.17961813 0.17869346 0.18084496 0.18292149 0.20610405 0.20728090 0.20716958 0.21148848 0.21171340 0.21256196 0.21514285 0.21708760 0.21623904 0.21171340 0.20449327 0.19938602 0.18428350 0.18559666 0.18763456 0.18911471 0.18942256 0.18931918 0.20751832 0.20824306 0.20851341 0.20842481 0.00296579 0.00392567 0.00626687 0.00879551 0.00922490 0.00772771 0.00542172 0.00449706 0.01473883 0.01484220 0.01484220 0.01469793 0.01541245 0.01748329 0.02004487 0.02292906 -0.01951703 -0.02027244 -0.01865030 -0.01552642 -0.01377364 -0.01355099 -0.01485961 0.00436529 0.00503209 0.00706999 0.00864897 0.00815142 0.00603514 0.00342699 0.02625854 0.02808402 0.02975160 0.03183495 0.03235748 0.02819762 0.02353566 -0.01537761 -0.01744618 -0.01602170 -0.01367368 -0.01428937 -0.01677938 -0.01866847 -0.20758685 -0.20760957 -0.20810939 -0.20883186 -0.20949867 -0.21067551 -0.21126848 -0.20942483 -0.20659630 -0.20450274 -0.20221719 -0.21822848 -0.21480698 -0.20865465 -0.20498438 -0.20344630 -0.20436074 -0.20585339 -0.20625551 -0.20599765 -0.20389386 -0.19797668 -0.19832769 -0.19921714 -0.20112100 -0.20237623 -0.20294193 -0.20335088 -0.20256820 -0.21130483 -0.21143092 -0.21154906 -0.21070051 -0.20877847 -0.20567958 -0.20480604 -0.20468903 -0.20297942 -0.20182302 -0.20120392 -0.20070865 -0.19981238 -0.20178212 -0.20607831 -0.21207955 -0.18754293 -0.19098260 -0.19296030 -0.19357712 -0.19482213 
