0.00862468 0.00000000 0.00000000
0.00000000 0.00862468 0.00000000
0.00000000 0.00000000 0.00862468
0.00095365 0.00000000 0.00000000
0.00000000 0.00095365 0.00000000
0.00000000 0.00000000 0.00095365
0.03349838 0.00000000 0.00000000
0.00000000 0.03349838 0.00000000
0.00000000 0.00000000 0.03349838
0.04381822 0.00000000 0.00000000
0.00000000 0.04381822 0.00000000
0.00000000 0.00000000 0.04381822
0.09317522 0.00000000 0.00000000
0.00000000 0.09317522 0.00000000
0.00000000 0.00000000 0.09317522
0.01042160 0.00000000 0.00000000
0.00000000 0.01042160 0.00000000
0.00000000 0.00000000 0.01042160
0.02837452 0.00000000 0.00000000
0.00000000 0.02837452 0.00000000
0.00000000 0.00000000 0.02837452
0.25050595 0.00000000 0.00000000
0.00000000 0.25050595 0.00000000
0.00000000 0.00000000 0.25050595
0.02854753 0.00000000 0.00000000
0.00000000 0.02854753 0.00000000
0.00000000 0.00000000 0.02854753
0.01983183 0.00000000 0.00000000
0.00000000 0.01983183 0.00000000
0.00000000 0.00000000 0.01983183
0.07564603 0.00000000 0.00000000
0.00000000 0.07564603 0.00000000
0.00000000 0.00000000 0.07564603
0.10433371 0.00000000 0.00000000
0.00000000 0.10433371 0.00000000
0.00000000 0.00000000 0.10433371
0.05649067 0.00000000 0.00000000
0.00000000 0.05649067 0.00000000
0.00000000 0.00000000 0.05649067
0.00042874 0.00000000 0.00000000
0.00000000 0.00042874 0.00000000
0.00000000 0.00000000 0.00042874
