-0.00013950 -0.00055221 -0.00039945
0.00039153 0.00059660 0.02389885
0.00038576 -0.00289036 -0.00237740
-0.00000551 0.00156313 0.00172325
-0.00146298 -0.00171149 -0.06460325
-0.00017743 0.00813660 0.00170850
-0.00190915 0.02893689 -0.00077091
-0.03136192 -0.00074254 0.00058096
0.00748126 0.00289783 -0.04455499
-0.00929288 0.00004672 0.00462198
-0.04570846 -0.05689515 -0.01563435
-0.00072817 -0.00059949 -0.04385772
-0.00496321 -0.00041846 0.00000397
0.02612251 -0.12470260 0.01005762
0.00150689 -0.01939490 -0.00747402
-0.09147266 -0.00224299 -0.00120120
0.06637109 -0.01071690 0.02053439
-0.00666382 -0.00055668 -0.00108605
-0.02818266 -0.00025904 -0.00004441
0.06421763 -0.03574737 0.02132023
-0.00231903 -0.00104107 -0.00058984
-0.09829305 0.00101042 0.01956754
-0.23901284 -0.28184779 -0.53894210
-0.08425490 -0.00606241 -0.15915743
-0.00007562 -0.00013818 -0.00038168
-0.00146303 -0.00992548 -0.03085689
0.00128958 0.01630531 -0.03730848
-0.00597868 0.00365875 -0.00003108
-0.00302306 -0.00212556 -0.01902153
0.00112214 -0.00240429 -0.02183962
-0.01307635 -0.00037898 -0.00055438
-0.06921574 -0.09906623 -0.22609838
-0.01277929 -0.00915014 -0.02699786
-0.01241090 0.00005559 0.00330883
0.06821876 -0.10420894 -0.43657072
0.01749200 0.00202952 -0.05070013
-0.07255963 0.00005324 0.00217749
-0.02071140 -0.02333474 -0.23298716
0.07640188 0.00106532 -0.28317891
-0.01232045 0.00317583 0.00135035
-0.00425697 -0.00180371 -0.06703788
-0.00012469 0.00844254 0.00177200
