3
101
0.35000000
1.00000000

0.00010000

1.00000000 1.00000000 1.00000000 1.00000000 1.00000000 1.00000000 1.00000000 1.00000000 1.00000000 1.00000000 1.00000000 1.00000000 1.00000000 1.00000000 1.00000000 1.00000000 1.00000000 1.00000000 1.00000000 1.00000000 1.00000000 1.00000000 1.00000000 1.00000000 1.00000000 1.00000000 1.00000000 1.00000000 1.00000000 1.00000000 1.00000000 1.00000000 1.00000000 1.00000000 1.00000000 1.00000000 1.00000000 1.00000000 1.00000000 1.00000000 1.00000000 1.00000000 1.00000000 1.00000000 1.00000000 1.00000000 1.00000000 1.00000000 1.00000000 1.00000000 1.00000000 1.00000000 1.00000000 1.00000000 1.00000000 1.00000000 1.00000000 1.00000000 1.00000000 1.00000000 1.00000000 1.00000000 1.00000000 1.00000000 1.00000000 1.00000000 1.00000000 1.00000000 1.00000000 1.00000000 1.00000000 1.00000000 1.00000000 1.00000000 1.00000000 1.00000000 1.00000000 1.00000000 1.00000000 1.00000000 1.00000000 1.00000000 1.00000000 1.00000000 1.00000000 1.00000000 1.00000000 1.00000000 1.00000000 1.00000000 1.00000000 1.00000000 1.00000000 1.00000000 1.00000000 1.00000000 1.00000000 1.00000000 1.00000000 1.00000000 1.00000000 

0.00027846 0.00158551 -0.00009153 0.00169154 0.00074330 0.00120210 0.00061106 -0.00041561 -0.00067601 0.00055390 0.00017432 0.00016114 -0.00060730 0.00153885 -0.00046721 -0.00153439 0.00025658 -0.00023044 0.00226723 0.00009654 0.00032618 -0.00039888 0.00036286 0.00199791 0.00023405 0.00008286 -0.00137035 -0.00034264 -0.00073186 -0.00007129 -0.00052329 -0.00204566 -0.00127932 0.00054790 -0.00040060 0.00058707 0.00011779 -0.00174989 -0.00073314 -0.00014836 0.00173676 -0.00001432 -0.00062033 -0.00255495 0.00144046 -0.00026541 0.00096673 0.00017681 -0.00050002 -0.00033325 0.00162115 0.00049247 0.00106735 0.00023249 -0.00149048 -0.00068497 0.00104399 0.00152315 0.00028754 0.00063416 0.00049802 -0.00022373 -0.00044464 0.00082849 -0.00206260 0.00012375 0.00175431 -0.00095233 0.00073664 -0.00064703 0.00039116 0.00013373 -0.00113246 -0.00132828 0.00189014 -0.00079417 -0.00005736 -0.00098857 0.00018878 0.00012798 0.00034760 0.00018507 0.00076477 0.00021264 -0.00005480 -0.00018850 -0.00106794 -0.00112922 -0.00046199 -0.00037837 -0.00095932 0.00001102 -0.00149004 0.00023652 -0.00042896 -0.00036989 0.00028874 0.00060362 -0.00108388 -0.00182139 0.00011205 
-0.07439949 -0.05685012 -0.04091282 -0.06202932 -0.04388524 -0.07613906 -0.05564025 0.01016920 -0.01665152 0.01387387 -0.00212556 -0.02217440 0.00365660 -0.03995397 0.10010780 0.10247905 0.09917193 0.10083573 0.09932600 -0.03502831 -0.00991303 -0.03405941 -0.00578892 -0.03497049 -0.00451082 0.06836176 0.08896329 0.10229842 0.10141247 0.06967039 0.08659203 0.09941147 0.07153170 0.09159813 0.10077611 -0.02277951 -0.00473383 0.01102139 -0.01840905 0.01031357 -0.00833866 0.01821381 0.03823499 0.05788521 0.04272217 0.03243237 0.06363721 0.09015628 0.06660065 0.08548666 0.06303604 0.08885340 -0.09900303 -0.09820830 -0.09756332 -0.10428925 -0.10425908 -0.10305424 -0.10257913 -0.10347728 0.10299403 0.10490310 0.10285936 0.08309602 0.10034876 0.10034733 0.08850721 0.09938812 0.10152883 0.08120239 -0.05716901 -0.08443720 -0.10179338 -0.04889457 -0.06861590 -0.09392330 -0.10288581 -0.07482433 -0.09931402 0.00922436 0.04226071 0.01858190 0.04414392 0.02577647 -0.09781722 -0.09674489 -0.08867695 -0.07181420 -0.04873836 -0.10247606 -0.09001574 -0.06632149 -0.10183970 -0.09771451 -0.07224874 0.06712891 0.04825690 0.06852480 0.04598512 0.02042956 0.04556495 
0.10251669 0.10317749 0.10323191 0.10446977 0.10485010 0.10523820 0.10417197 0.00144467 0.00080122 0.00320759 0.00273038 0.00277702 0.00085564 -0.00003538 0.06049564 0.03774702 0.05733400 0.07887705 0.04713387 -0.10163903 -0.10091185 -0.09508970 -0.09641129 -0.09498983 -0.09625461 0.09994528 0.10165916 0.10240248 0.08830636 0.10446977 0.10368400 0.09788397 0.10193424 0.10216806 0.09390665 0.10147976 0.09989625 0.09987352 0.10513056 0.10386340 0.10327855 0.09987352 0.09968994 0.09849752 0.10311888 0.10389389 -0.10075757 -0.09838709 -0.09848935 -0.09905446 -0.09698716 -0.09857067 -0.02501395 -0.04396944 -0.06326519 -0.02239590 -0.04064156 -0.06354327 -0.02050501 -0.04513136 0.03205404 0.01662019 0.00020681 0.00042628 0.02496711 0.00832769 0.00540525 0.03127066 0.00772789 -0.00010834 -0.00113212 -0.00122780 -0.00121763 0.00204686 0.00204686 0.00270766 -0.00429376 -0.00058435 -0.00045937 -0.10034674 -0.10034674 -0.09842297 -0.09905446 -0.09564285 -0.07613660 -0.09331602 -0.10031744 -0.10108468 -0.10238354 -0.09211524 -0.09508970 -0.09527329 -0.08490930 -0.09894682 -0.09413768 0.00245650 0.00273696 0.00535083 0.00466492 0.00389230 0.00062661 
