0.00007178 -0.00000098 0.00000022
-0.00000098 0.00020529 -0.00000176
0.00000022 -0.00000176 0.00007142
0.00008925 0.00000007 -0.00000011
0.00000007 0.00025519 0.00000327
-0.00000011 0.00000327 0.00008926
0.00008023 -0.00000014 -0.00000057
-0.00000014 0.00008000 -0.00000112
-0.00000057 -0.00000112 0.00022941
0.00006920 -0.00000048 0.00000061
-0.00000048 0.00021673 -0.00000189
0.00000061 -0.00000189 0.00007584
0.00004487 -0.00000065 -0.00000028
-0.00000065 0.00020096 -0.00002802
-0.00000028 -0.00002802 0.00007858
0.00006213 -0.00000053 0.00000025
-0.00000053 0.00018441 -0.00000531
0.00000025 -0.00000531 0.00006484
0.00006166 -0.00000142 0.00000049
-0.00000142 0.00018360 -0.00000480
0.00000049 -0.00000480 0.00006446
0.00005435 -0.00000077 0.00000023
-0.00000077 0.00015557 -0.00000017
0.00000023 -0.00000017 0.00005398
0.00012424 -0.00000015 0.00000008
-0.00000015 0.00012958 -0.00000197
0.00000008 -0.00000197 0.00037018
0.00000818 0.00000009 -0.00000158
0.00000009 0.00010643 0.00004697
-0.00000158 0.00004697 0.00009114
0.00013677 -0.00000033 0.00000001
-0.00000033 0.00040273 0.00000966
0.00000001 0.00000966 0.00014144
0.00006704 0.00000105 0.00000037
0.00000105 0.00019794 -0.00000312
0.00000037 -0.00000312 0.00006932
0.00008038 -0.00000100 0.00000121
-0.00000100 0.00030972 -0.00003288
0.00000121 -0.00003288 0.00011568
0.00008546 0.00000093 -0.00000065
0.00000093 0.00025132 0.00000109
-0.00000065 0.00000109 0.00008780
